1614654419377,1614654478961,48
1614654478974,1614654514364,203
1614654514378,1614654659887,30
1614654659900,1614654851430,128
1614654851442,1614654947787,70
1614654947799,1614654961932,87
1614654961944,1614654989382,114
1614654989395,1614655020632,158
1614655020644,1614655056790,163
1614655056803,1614655118831,5
1614655118843,1614655167534,198
1614655167545,1614655192333,87
1614655192345,1614655260005,159
1614655260018,1614655283579,129
1614655283591,1614655464574,81
1614655464587,1614655491912,132
1614655491923,1614655500776,61
1614655500788,1614655528999,134
1614655529013,1614655599134,121
1614655599147,1614655607422,50
1614655607434,1614655719378,227
1614655719391,1614655771576,201
1614655771589,1614655810801,157
1614655810814,1614655832998,95
1614655833012,1614655852763,111
1614655852776,1614655894771,138
1614655894785,1614656063132,127
1614656063144,1614656100180,187
1614656100194,1614656131995,79
1614656132008,1614656249934,54
1614656249946,1614656258061,42
1614656258074,1614656288222,167
1614656288234,1614656298379,46
1614656298392,1614656337856,173
1614656337867,1614656345909,38
1614656345922,1614656478556,90
1614656478568,1614656541693,224
1614656541705,1614656559134,74
1614656559147,1614656760428,195
1614656760440,1614656781420,113
1614656781431,1614656869885,84
1614656869897,1614656924171,17
1614656924184,1614656980141,213
1614656980153,1614657040923,104
1614657040934,1614657082466,233
1614657082479,1614657455097,44
1614657455113,1614657481332,130
1614657481343,1614657496219,89
1614657496231,1614657733085,6
1614657733098,1614657772328,156
1614657772339,1614657856837,30
1614657856849,1614657937862,41
1614657937874,1614657943404,38
1614657943414,1614658045602,39
1614658045614,1614658112090,46
1614658112103,1614658150871,189
1614658150883,1614658168071,83
1614658168083,1614658211454,142
1614658211468,1614658267409,237
1614658267421,1614658271201,31
1614658271212,1614658284264,78
1614658284276,1614658325430,203
1614658325442,1614658473339,167
1614658473351,1614658544917,210
1614658544930,1614658633267,197
1614658633279,1614658649594,67
1614658649606,1614658669959,100
1614658669972,1614658731824,145
1614658731837,1614658960945,252
1614658960958,1614659122248,107
1614659122261,1614659184923,37
1614659184936,1614659253539,119
1614659253551,1614659344941,220
1614659344954,1614659365611,116
1614659365624,1614659389611,126
1614659389624,1614659407682,74
1614659407695,1614659420862,65
1614659420875,1614659449321,129
1614659449333,1614659507745,218
1614659507758,1614659517777,56
1614659517789,1614659633434,212
1614659633446,1614659648391,69
1614659648403,1614659696279,175
1614659696291,1614659738448,118
1614659738460,1614659767688,148
1614659767700,1614659883292,44
1614659883305,1614659923127,195
1614659923140,1614659974382,9
1614659974394,1614660097697,30
1614660097710,1614660110036,76
1614660110048,1614660173310,92
1614660173322,1614660231105,242
1614660231118,1614660340315,63
1614660340328,1614660420497,48
1614660420509,1614660464675,138
1614660464687,1614660478091,70
1614660478102,1614660561032,94
1614660561045,1614660580038,50
1614660580050,1614660678419,2
1614660678432,1614660720165,119
1614660720176,1614660826497,124
1614660826511,1614660842207,55
1614660842220,1614660868118,126
1614660868129,1614660937277,54
1614660937289,1614660972623,149
1614660972635,1614661101380,79
1614661101393,1614661133050,160
1614661133062,1614661161754,149
1614661161766,1614661362452,24
1614661362465,1614661434005,247
1614661434017,1614661567046,141
1614661567059,1614661600321,144
1614661600334,1614661607857,24
1614661607870,1614661628876,108
1614661628888,1614661654380,137
1614661654391,1614661674936,100
1614661674949,1614661692601,94
1614661692613,1614661726303,172
1614661726316,1614661771608,195
1614661771621,1614662168773,215
1614662168786,1614662193314,136
1614662193326,1614662224957,162
1614662224970,1614662237627,60
1614662237640,1614662250742,76
1614662250754,1614662336567,97
1614662336580,1614662488134,170
1614662488148,1614662500692,51
1614662500704,1614662535424,59
1614662535435,1614662577223,200
1614662577235,1614662629691,142
1614662629703,1614662639513,60
1614662639529,1614662784431,22
1614662784444,1614662790066,34
1614662790077,1614662860670,159
1614662860684,1614662867849,31
1614662867860,1614662909063,206
1614662909075,1614663021826,226
1614663021838,1614663042998,94
1614663043010,1614663048845,47
1614663048856,1614663113703,55
1614663113715,1614663201461,55
1614663201475,1614663350832,85
1614663350845,1614663377416,144
1614663377428,1614663382692,48
1614663382704,1614663389797,43
1614663389809,1614663411380,132
1614663411393,1614663420202,46
1614663420213,1614663445526,138
1614663445536,1614663475110,125
1614663475123,1614663586016,224
1614663586028,1614663622641,112
1614663622654,1614663672167,149
1614663672181,1614663851868,97
1614663851881,1614664109510,193
1614664109523,1614664132090,110
1614664132102,1614664294789,230
1614664294802,1614664363658,208
1614664363670,1614664378975,79
1614664378986,1614664388849,31
1614664388861,1614664509138,249
1614664509149,1614664697982,83
1614664697993,1614664738645,199
1614664738656,1614664822924,18
1614664822938,1614664973566,220
1614664973580,1614665074763,218
1614665074775,1614665082273,47
1614665082284,1614665162442,15
1614665162455,1614665179732,88
1614665179744,1614665191953,74
1614665191965,1614665221656,114
1614665221669,1614665264234,209
1614665264245,1614665319141,138
1614665319153,1614665350921,147
1614665350934,1614665384906,170
1614665384917,1614665573254,83
1614665573266,1614665657685,58
1614665657697,1614665689784,184
1614665689796,1614665770173,5
1614665770187,1614665849031,8
1614665849043,1614665889537,117
1614665889548,1614665925123,156
1614665925135,1614666023397,129
1614666023410,1614666072571,156
1614666072583,1614666108232,156
1614666108244,1614666151498,145
1614666151510,1614666164375,76
1614666164386,1614666291172,28
1614666291186,1614666301872,62
1614666301884,1614666350333,209
1614666350345,1614666491308,122
1614666491320,1614666503055,71
1614666503068,1614666759183,162
1614666759197,1614666849997,75
1614666850009,1614666897195,189
1614666897208,1614666966303,32
1614666966315,1614668061884,208
1614668061900,1614668070633,52
1614668070644,1614668113996,205
1614668114009,1614668189893,46
1614668189905,1614668209397,103
1614668209408,1614668227308,79
1614668227318,1614668290609,241
1614668290621,1614668309215,91
1614668309226,1614668326783,85
1614668326797,1614668396821,72
1614668396833,1614668412732,58
1614668412753,1614668430140,79
1614668430151,1614668454685,120
1614668454697,1614668468484,63
1614668468498,1614668479203,50
1614668479215,1614668483767,34
1614668483779,1614668522751,177
1614668522764,1614668537006,67
1614668537019,1614668556213,100
1614668556225,1614668594462,103
1614668594474,1614668783815,189
1614668783829,1614668891463,202
1614668891476,1614668909590,98
1614668909602,1614668982358,83
1614668982370,1614668999647,101
1614668999658,1614669053513,214
1614669053527,1614669094232,172
1614669094244,1614669118452,131
1614669118464,1614669135962,85
1614669135975,1614669151090,94
1614669151101,1614669199328,214
1614669199341,1614669211128,70
1614669211139,1614669240131,143
1614669240142,1614669284575,197
1614669284587,1614669320320,105
1614669320331,1614669361300,172
1614669361312,1614669415345,166
1614669415357,1614669436688,81
1614669436700,1614669494964,31
1614669494977,1614669557727,246
1614669557739,1614669661655,65
1614669661668,1614670029624,183
1614670029640,1614670046909,100
1614670046920,1614670098607,216
1614670098619,1614670121442,128
1614670121453,1614670194246,182
1614670194259,1614670204819,50
1614670204831,1614670237855,160
1614670237867,1614670460758,14
1614670460770,1614670534542,252
1614670534553,1614670571493,163
1614670571505,1614670633102,239
1614670633114,1614670644806,53
1614670644818,1614670742259,104
1614670742270,1614670793781,36
1614670793793,1614670811773,70
1614670811786,1614670969710,60
1614670969721,1614671024027,7
1614671024040,1614671078697,6
1614671078709,1614671101586,103
1614671101598,1614671142981,69
1614671142993,1614671168593,129
1614671168606,1614671181961,83
1614671181971,1614671452307,228
1614671452321,1614671582479,92
1614671582491,1614671669562,49
1614671669573,1614671685447,71
1614671685458,1614671727319,208
1614671727331,1614671875783,250
1614671875795,1614671926918,238
1614671926929,1614672008099,72
1614672008111,1614672037301,124
1614672037312,1614672079356,178
1614672079370,1614672145619,54
1614672145631,1614672246827,118
1614672246839,1614672263353,85
1614672263362,1614672336978,183
1614672336991,1614672410190,103
1614672410202,1614672556866,183
1614672556878,1614672570286,82
1614672570297,1614672622516,218
1614672622528,1614672690402,202
1614672690413,1614672702919,72
1614672702931,1614672748330,219
1614672748342,1614672765059,88
1614672765072,1614672876246,27
1614672876258,1614672912290,119
1614672912302,1614672994934,247
1614672994948,1614673020931,104
1614673020941,1614673248987,66
1614673248998,1614673275723,86
1614673275735,1614673352453,247
1614673352466,1614673418152,209
1614673418164,1614673828837,202
1614673828851,1614673850375,96
1614673850387,1614673962346,16
1614673962358,1614674004228,128
1614674004239,1614674219833,133
1614674219845,1614674314006,120
1614674314018,1614674324223,50
1614674324235,1614674363455,187
1614674363467,1614674408423,183
1614674408437,1614674449099,201
1614674449110,1614674468692,102
1614674468703,1614674667278,75
1614674667290,1614674744310,233
1614674744322,1614674808608,82
1614674808618,1614674909280,249
1614674909293,1614674948719,163
1614674948732,1614674957325,66
1614674957336,1614674973588,77
1614674973601,1614674988515,95
1614674988527,1614675027449,60
1614675027463,1614675251019,12
1614675251031,1614675280593,138
1614675280606,1614675440075,62
1614675440088,1614675457545,92
1614675457558,1614675494464,189
1614675494476,1614675613950,73
1614675613962,1614675860964,228
1614675860976,1614675936385,242
1614675936397,1614676004017,65
1614676004029,1614676024667,104
1614676024678,1614676035700,57
1614676035712,1614676050942,64
1614676050954,1614676062518,86
1614676062528,1614676082827,90
1614676082841,1614676102640,97
1614676102652,1614676121323,71
1614676121335,1614676550112,12
1614676550128,1614676634923,0
1614676634935,1614676638881,38
1614676638892,1614676646548,46
1614676646559,1614676682885,89
1614676682898,1614676766321,83
1614676766334,1614676781281,54
1614676781292,1614676788641,43
1614676788652,1614676889463,46
1614676889475,1614676897947,48
1614676897959,1614677072471,169
1614677072484,1614677140077,198
1614677140090,1614677167282,122
1614677167293,1614677341262,5
1614677341274,1614677425201,113
1614677425213,1614677486680,184
1614677486692,1614677523853,156
1614677523865,1614677559779,171
1614677559791,1614677684674,156
1614677684688,1614677693555,56
1614677693566,1614677768105,180
1614677768118,1614677793884,123
1614677793895,1614677969029,242
1614677969042,1614677980436,63
1614677980448,1614678017925,167
1614678017938,1614678140665,150
1614678140677,1614678164589,83
1614678164600,1614678213367,24
1614678213379,1614678228607,65
1614678228618,1614678242971,76
1614678242982,1614678255296,52
1614678255309,1614678340319,20
1614678340332,1614678451487,229
1614678451499,1614678751855,51
1614678751867,1614678796067,157
1614678796114,1614678817778,55
1614678817790,1614678854867,208
1614678854878,1614678951251,213
1614678951264,1614679041783,178
1614679041795,1614679104141,48
1614679104153,1614679157120,189
1614679157132,1614679215830,32
1614679215842,1614679419254,37
1614679419266,1614679446863,111
1614679446874,1614679452296,40
1614679452306,1614679467511,69
1614679467524,1614679533818,154
1614679533831,1614679562822,128
1614679562835,1614679608889,216
1614679608902,1614679717721,118
1614679717734,1614679749977,167
1614679749990,1614679827142,37
1614679827216,1614679835577,54
1614679835588,1614679890559,19
1614679890571,1614679903971,75
1614679903984,1614680149120,112
1614680149132,1614680178393,89
1614680178404,1614680297813,24
1614680297827,1614680369038,65
1614680369051,1614680446195,178
1614680446209,1614680554805,114
1614680554817,1614680601737,181
1614680601750,1614680615947,37
1614680615960,1614680657921,187
1614680657933,1614680664462,42
1614680664474,1614680759142,213
1614680759155,1614680767823,56
1614680767835,1614680834732,154
1614680834745,1614680852169,59
1614680852181,1614680993265,117
1614680993278,1614681022417,140
1614681022429,1614681028049,31
1614681028061,1614681072400,151
1614681072413,1614681105859,119
1614681105871,1614681137770,139
1614681137783,1614681256141,182
1614681256153,1614681351226,28
1614681351238,1614681512202,150
1614681512214,1614681523949,58
1614681523962,1614681527980,26
1614681527992,1614681536693,43
1614681536704,1614681553135,74
1614681553147,1614681561216,33
1614681561228,1614681568289,48
1614681568300,1614681602466,180
1614681602478,1614681652861,8
1614681652874,1614681717022,25
1614681717034,1614681769408,251
1614681769420,1614681815462,201
1614681815472,1614681974185,116
1614681974198,1614681992034,95
1614681992046,1614681998351,36
1614681998364,1614682011497,93
1614682011507,1614682015644,33
1614682015654,1614682161675,252
1614682161688,1614682174425,64
1614682174437,1614682384395,210
1614682384408,1614682439730,148
1614682439743,1614682645731,16
1614682645743,1614682657245,60
1614682657256,1614682675973,123
1614682675986,1614682690146,79
1614682690158,1614682706780,77
1614682706795,1614682757483,204
1614682757494,1614682819939,225
1614682819952,1614682833876,50
1614682833889,1614682857640,115
1614682857652,1614682896319,212
1614682896332,1614682934102,187
1614682934115,1614683012482,161
1614683012495,1614683196007,35
1614683196021,1614683205574,51
1614683205586,1614683216709,51
1614683216721,1614683230706,84
1614683230720,1614683258449,108
1614683258461,1614683309078,254
1614683309092,1614683368760,246
1614683368772,1614683442603,82
1614683442615,1614683546080,180
1614683546092,1614683563241,94
1614683563253,1614683668134,203
1614683668146,1614683750280,238
1614683750293,1614683815439,8
1614683815450,1614683871802,140
1614683871814,1614683878815,42
1614683878827,1614683906201,129
1614683906214,1614683961427,148
1614683961440,1614684049602,211
1614684049615,1614684057927,51
1614684057939,1614684141814,46
1614684141827,1614684172090,139
1614684172103,1614684237397,215
1614684237410,1614684252385,84
1614684252397,1614684277252,95
1614684277265,1614684312663,175
1614684312676,1614684316524,31
1614684316534,1614684356523,200
1614684356534,1614684365453,54
1614684365465,1614684411404,154
1614684411417,1614684441421,146
1614684441435,1614684493040,178
1614684493053,1614684820248,159
1614684820266,1614684858469,176
1614684858481,1614684894461,161
1614684894474,1614685007574,194
1614685007588,1614685178397,251
1614685178409,1614685229134,254
1614685229146,1614685342296,238
1614685342310,1614685392852,4
1614685392865,1614685484347,176
1614685484360,1614685499537,82
1614685499549,1614685544901,110
1614685544914,1614685562979,89
1614685562991,1614685610406,202
1614685610419,1614685716009,0
1614685716022,1614685878250,137
1614685878262,1614685908678,127
1614685908689,1614685932247,46
1614685932258,1614685938712,36
1614685938725,1614685945460,43
1614685945472,1614685991088,205
1614685991101,1614686092526,217
1614686092539,1614686166260,40
1614686166272,1614686212814,195
1614686212826,1614686307051,129
1614686307063,1614686467085,198
1614686467099,1614686487626,121
1614686487638,1614686544385,253
1614686544398,1614686620555,239
1614686620568,1614686652015,170
1614686652027,1614686740811,66
1614686740822,1614686884350,192
1614686884362,1614686896709,70
1614686896721,1614687034618,30
1614687034630,1614687061960,129
1614687061972,1614687274071,254
1614687274084,1614687309748,91
1614687309760,1614687378562,193
1614687378575,1614687394766,81
1614687394778,1614687443813,14
1614687443826,1614687687080,59
1614687687093,1614687761026,249
1614687761038,1614687839680,46
1614687839694,1614687906884,36
1614687906897,1614687911653,35
1614687911665,1614687999427,214
1614687999441,1614688054925,238
1614688054937,1614688088356,166
1614688088368,1614688104490,53
1614688104502,1614688128034,108
1614688128048,1614688139333,76
1614688139344,1614688171859,164
1614688171871,1614688192105,87
1614688192117,1614688407237,57
1614688407249,1614688454666,206
1614688454678,1614688480479,135
1614688480491,1614688504049,102
1614688504062,1614688545812,127
1614688545824,1614688553229,40
1614688553239,1614688658363,53
1614688658375,1614688723219,62
1614688723231,1614688742595,95
1614688742606,1614688785357,194
1614688785370,1614688834915,249
1614688834926,1614688861467,152
1614688861480,1614688877254,89
1614688877267,1614688921025,169
1614688921038,1614688943338,104
1614688943351,1614688999065,53
1614688999074,1614689055946,187
1614689055959,1614689078643,138
1614689078656,1614689105828,119
1614689105840,1614689151203,138
1614689151217,1614689206283,9
1614689206366,1614689243204,183
1614689243216,1614689262584,89
1614689262596,1614689311825,165
1614689311838,1614689365805,186
1614689365817,1614689380819,73
1614689380832,1614689407384,79
1614689407398,1614689654797,25
1614689654809,1614689698683,222
1614689698696,1614689728145,171
1614689728157,1614689777249,4
1614689777262,1614689799068,134
1614689799080,1614689866851,91
1614689866864,1614689944310,49
1614689944324,1614690080330,20
1614690080344,1614690084554,30
1614690084564,1614690234591,24
1614690234605,1614690411618,188
1614690411635,1614690424463,62
1614690424476,1614690468478,202
1614690468490,1614690487808,88
1614690487820,1614690538551,224
1614690538564,1614690954250,205
1614690954265,1614691146022,60
1614691146034,1614691169904,94
1614691169916,1614691528931,238
1614691528947,1614691550434,85
1614691550446,1614691561332,55
1614691561346,1614691580946,72
1614691580958,1614691600407,118
1614691600419,1614691746004,119
1614691746016,1614691750622,26
1614691750633,1614691755746,41
1614691755758,1614691838421,72
1614691838434,1614691853975,90
1614691853987,1614691886554,113
1614691886567,1614691923183,143
1614691923195,1614692059472,199
1614692059484,1614692219764,199
1614692219777,1614692242679,118
1614692242691,1614692443607,90
1614692443620,1614692461889,83
1614692461902,1614692500305,117
1614692500318,1614692613177,222
1614692613191,1614692692782,166
1614692692794,1614692926273,144
1614692926284,1614692952163,92
1614692952176,1614692971775,90
1614692971789,1614692984856,55
1614692984869,1614693040802,87
1614693040816,1614693098141,214
1614693098153,1614693279291,55
1614693279305,1614693296319,84
1614693296332,1614693368990,202
1614693369003,1614693429603,27
1614693429616,1614693511646,122
1614693511659,1614693520725,47
1614693520736,1614693531368,61
1614693531380,1614693565928,167
1614693565941,1614693609910,215
1614693609924,1614693669094,33
1614693669107,1614693708372,190
1614693708385,1614693760633,13
1614693760645,1614693917008,222
1614693917021,1614693969204,199
1614693969217,1614694039481,71
1614694039495,1614694052610,71
1614694052623,1614694085990,101
1614694086001,1614694219555,216
1614694219568,1614694309774,41
1614694309787,1614694345605,188
1614694345616,1614694400510,220
1614694400522,1614694417486,81
1614694417498,1614694424934,48
1614694424946,1614694430078,40
1614694430089,1614694443129,58
1614694443142,1614694493262,186
1614694493275,1614694570343,228
1614694570356,1614694906817,150
1614694906833,1614695077115,195
1614695077128,1614695534016,103
1614695534034,1614695556901,123
1614695556912,1614695615416,190
1614695615428,1614695631489,63
1614695631501,1614695663655,150
1614695663666,1614695698823,158
1614695698834,1614695777358,46
1614695777370,1614695914705,180
1614695914719,1614695933629,74
1614695933643,1614695983865,197
1614695983879,1614696023551,203
1614696023564,1614696034480,51
1614696034492,1614696055852,109
1614696055865,1614696075364,76
1614696075377,1614696101916,101
1614696101929,1614696145982,235
1614696145995,1614696250643,186
1614696250655,1614696281917,159
1614696281928,1614696404315,24
1614696404328,1614696477036,1
1614696477049,1614696486026,55
1614696486038,1614696549046,224
1614696549059,1614696574885,123
1614696574897,1614696679764,247
1614696679776,1614696699301,94
1614696699313,1614696768288,118
1614696768301,1614696868258,75
1614696868271,1614696900793,156
1614696900806,1614696931494,154
1614696931506,1614696967605,173
1614696967616,1614696999898,123
1614696999910,1614697021453,108
1614697021466,1614697025442,33
1614697025453,1614697302640,99
1614697302653,1614697312500,56
1614697312509,1614697347646,197
1614697347657,1614697459170,165
1614697459184,1614697565021,76
1614697565033,1614697571499,41
1614697571511,1614697624976,128
1614697624988,1614697691968,38
1614697691980,1614697752715,249
1614697752729,1614697797429,182
1614697797441,1614697809812,62
1614697809824,1614697928266,44
1614697928279,1614697937875,39
1614697937886,1614698610108,28
1614698610126,1614698645622,204
1614698645633,1614698666460,104
1614698666473,1614698674618,50
1614698674630,1614698729219,210
1614698729231,1614698779151,3
1614698779164,1614698812883,167
1614698812896,1614698839425,136
1614698839437,1614698859102,91
1614698859114,1614698864380,29
1614698864392,1614698949302,134
1614698949315,1614699023285,213
1614699023297,1614699072982,2
1614699072999,1614699118024,208
1614699118037,1614699179760,53
1614699179773,1614699200816,98
1614699200828,1614699242496,143
1614699242508,1614699252119,51
1614699252131,1614699672032,194
1614699672050,1614699730925,29
1614699730937,1614699774142,196
1614699774154,1614699785025,51
1614699785037,1614700029698,102
1614700029711,1614700105439,96
1614700105452,1614700117542,71
1614700117553,1614700556834,249
1614700556850,1614700614986,114
1614700614999,1614700630854,75
1614700630866,1614700726843,177
1614700726857,1614700805440,98
1614700805452,1614700819761,77
1614700819773,1614700861951,202
1614700861965,1614700888623,125
1614700888635,1614700922464,74
1614700922475,1614700983687,222
1614700983699,1614701016034,121
1614701016046,1614701033861,77
1614701033874,1614701052766,101
1614701052778,1614701148072,4
1614701148085,1614701155297,45
1614701155309,1614701178703,115
1614701178715,1614701201869,97
1614701201881,1614701205582,29
1614701205592,1614701243683,195
1614701243695,1614701268599,132
1614701268611,1614701296111,143
1614701296123,1614701340383,142
1614701340396,1614701362655,132
1614701362667,1614701397543,115
1614701397555,1614701441153,186
1614701441164,1614701487984,3
1614701487996,1614701504176,68
1614701505588,1614701536744,147
1614701536756,1614701577923,215
1614701577936,1614701629483,159
1614701629497,1614701640564,73
1614701640575,1614701658948,115
1614701658959,1614701682241,118
1614701682250,1614701689154,39
1614701689166,1614701807782,172
1614701807794,1614702143961,4
1614702143976,1614702155372,78
1614702155383,1614702168016,60
1614702168028,1614702254755,72
1614702254767,1614702270935,74
1614702270947,1614702306322,156
1614702306335,1614702318138,34
1614702318151,1614702337910,104
1614702337921,1614702355748,68
1614702355761,1614702374403,67
1614702374416,1614702402124,119
1614702402136,1614702539535,123
1614702539547,1614702574264,72
1614702574274,1614702605114,134
1614702605126,1614702618803,75
1614702618813,1614702707783,186
1614702707794,1614702785608,82
1614702785622,1614702846904,132
1614702846917,1614703028339,175
1614703028351,1614703068144,173
1614703068155,1614703083716,69
1614703083728,1614703338209,192
1614703338222,1614703357777,130
1614703357789,1614703597943,23
1614703597955,1614703617066,85
1614703617077,1614703652165,157
1614703652177,1614703662483,79
1614703662500,1614703691411,127
1614703691423,1614703750472,207
1614703750486,1614703787892,173
1614703787903,1614703823193,50
1614703823204,1614703843127,51
1614703843139,1614703950782,168
1614703950795,1614704015481,217
1614704015494,1614704030086,75
1614704030097,1614704095924,219
1614704095936,1614704105412,53
1614704105424,1614704166851,69
1614704166863,1614704202422,173
1614704202433,1614704306212,2
1614704306224,1614704359758,178
1614704359770,1614704471433,248
1614704471447,1614704607480,229
1614704607492,1614704677637,80
1614704677650,1614704719036,142
1614704719049,1614704787481,239
1614704787494,1614704837733,217
1614704837746,1614704897361,9
1614704897374,1614704914256,82
1614704914267,1614705077283,113
1614705077295,1614705100093,110
1614705100105,1614705172013,223
1614705172026,1614705198953,142
1614705198965,1614705212315,78
1614705212328,1614705255287,187
1614705255299,1614705293136,138
1614705293148,1614705375019,2
1614705375034,1614705395137,115
1614705395149,1614705450308,203
1614705450321,1614705470722,84
1614705470734,1614705515774,185
1614705515787,1614705656834,75
1614705656846,1614705687844,119
1614705687856,1614705741614,168
1614705741627,1614705769267,132
1614705769278,1614705887879,15
1614705887893,1614705910127,116
1614705910139,1614706142377,35
1614706142390,1614706157572,73
1614706157586,1614706211471,221
1614706211483,1614706216268,29
1614706216279,1614706255189,120
1614706255201,1614706332218,164
1614706332230,1614706350039,95
1614706350051,1614706360800,61
1614706360811,1614706374362,36
1614706374375,1614706442004,196
1614706442016,1614706561520,235
1614706561540,1614706699908,72
1614706699921,1614706731498,125
1614706731511,1614706771602,176
1614706771613,1614706890263,63
1614706890275,1614706924203,116
1614706924216,1614706977740,236
1614706977754,1614706990289,62
1614706990303,1614707011248,105
1614707011260,1614707115931,17
1614707115944,1614707197843,182
1614707197856,1614707291943,185
1614707291956,1614707353725,221
1614707353738,1614707463493,193
1614707463505,1614707475308,68
1614707475319,1614707534372,167
1614707534386,1614707573032,185
1614707573046,1614707602599,67
1614707602611,1614707640713,154
1614707640724,1614707942588,96
1614707942603,1614707954731,78
1614707954743,1614708050709,201
1614708050722,1614708076835,107
1614708076848,1614708086729,61
1614708086741,1614708098101,58
1614708098113,1614708200419,139
1614708200431,1614708214364,66
1614708214376,1614708270980,118
1614708270992,1614708305035,172
1614708305048,1614708343744,121
1614708343758,1614708465788,101
1614708465800,1614708469397,24
1614708469408,1614708535160,54
1614708535172,1614708569615,166
1614708569628,1614708584209,77
1614708584222,1614708613831,142
1614708613844,1614708641864,123
1614708641877,1614708745603,209
1614708745617,1614708798958,236
1614708798970,1614708945309,39
1614708945325,1614708987811,166
1614708987824,1614709022737,162
1614709022749,1614709044479,120
1614709044500,1614709074815,150
1614709074828,1614709092006,70
1614709092018,1614709258516,248
1614709258529,1614709272380,79
1614709272392,1614709278960,34
1614709278973,1614709319833,148
1614709319845,1614709429318,191
1614709429332,1614709444398,86
1614709444409,1614709453779,46
1614709453791,1614709465466,61
1614709465479,1614709526703,3
1614709526716,1614709636960,238
1614709636973,1614709893665,178
1614709893678,1614709900251,47
1614709900262,1614709924842,111
1614709924855,1614710011580,115
1614710011593,1614710142636,207
1614710142646,1614710148957,40
1614710148970,1614710310466,36
1614710310480,1614710472845,239
1614710472857,1614710498450,114
1614710498462,1614710590486,203
1614710590499,1614710748536,240
1614710748548,1614710775933,105
1614710775944,1614710806462,104
1614710806475,1614710856564,142
1614710856577,1614711062578,3
1614711062590,1614711138356,21
1614711138369,1614711240595,72
1614711240608,1614711268789,78
1614711268803,1614711286796,90
1614711286809,1614711341897,225
1614711341909,1614711366338,99
1614711366350,1614711441700,55
1614711441712,1614711458323,75
1614711458336,1614711480863,113
1614711480875,1614711509005,139
1614711509017,1614711692217,30
1614711692230,1614711755671,5
1614711755684,1614711952858,118
1614711952871,1614711974415,115
1614711974427,1614711984547,58
1614711984560,1614712033638,105
1614712033651,1614712037623,34
1614712037634,1614712053307,67
1614712053319,1614712077812,112
1614712078026,1614712109749,76
1614712109763,1614712165694,12
1614712165706,1614712196173,141
1614712196185,1614712228411,146
1614712228424,1614712240212,65
1614712240224,1614712413677,228
1614712413690,1614712446091,116
1614712446103,1614712479165,119
1614712479177,1614712593632,155
1614712593645,1614712593974,1
1614712593986,1614712594325,1
1614712594337,1614712594673,1
1614712594684,1614712595022,1
1614712595034,1614712595373,1
1614712595385,1614712595721,1
1614712595733,1614712596072,1
1614712596083,1614712596420,1
1614712596432,1614712596768,1
1614712596781,1614712597118,1
1614712597130,1614712597470,1
1614712597482,1614712597818,1
1614712597830,1614712598168,1
1614712598180,1614712598518,1
1614712598530,1614712598867,1
1614712598878,1614712599217,1
1614712599229,1614712599567,1
1614712599579,1614712599916,1
1614712599928,1614712600266,1
1614712600279,1614712600617,1
1614712600629,1614712600962,1
1614712600975,1614712601313,1
1614712601326,1614712601664,1
1614712601676,1614712602016,1
1614712602028,1614712602368,1
1614712602380,1614712602720,1
1614712602732,1614712603071,1
1614712603083,1614712603424,1
1614712603436,1614712603774,1
1614712603786,1614712604124,1
1614712604136,1614712604476,1
1614712604488,1614712604825,1
1614712604837,1614712605176,1
1614712605188,1614712605528,1
1614712605539,1614712605876,1
1614712605888,1614712606226,1
1614712606239,1614712606578,1
1614712606590,1614712606925,1
1614712606937,1614712726902,19
1614712726915,1614712839044,1
1614712839058,1614712980905,179
1614712980919,1614713023017,1
1614713023030,1614713023371,1
1614713023383,1614713023721,1
1614713023732,1614713024067,1
1614713024079,1614713024416,1
1614713024428,1614713024768,1
1614713024779,1614713025116,1
1614713025127,1614713025468,1
1614713025479,1614713025818,1
1614713025829,1614713026165,1
1614713026177,1614713026521,1
1614713026533,1614713026871,1
1614713026882,1614713027218,1
1614713027230,1614713027569,1
1614713027581,1614713027915,1
1614713027925,1614713028257,1
1614713028268,1614713028608,1
1614713028619,1614713028955,1
1614713028967,1614713029304,1
1614713029316,1614713029653,1
1614713029664,1614713030002,1
1614713030013,1614713030351,1
1614713030362,1614713030699,1
1614713030711,1614713031045,1
1614713031057,1614713031395,1
1614713031407,1614713031746,1
1614713031758,1614713032093,1
1614713032105,1614713032443,1
1614713032455,1614713032795,1
1614713032807,1614713033144,1
1614713033155,1614713033495,1
1614713033506,1614713033845,1
1614713033857,1614713034196,1
1614713034207,1614713034541,1
1614713034552,1614713034890,1
1614713034901,1614713035236,1
1614713035247,1614713035585,1
1614713035597,1614713035935,1
1614713035947,1614713036285,1
1614713036297,1614713036636,1
1614713036647,1614713036980,1
1614713036991,1614713037329,1
1614713037341,1614713037681,1
1614713037692,1614713038026,1
1614713038037,1614713038376,1
1614713038388,1614713038727,1
1614713038739,1614713039074,1
1614713039086,1614713039424,1
1614713039436,1614713039774,1
1614713039785,1614713040124,1
1614713040135,1614713040474,1
1614713040485,1614713040824,1
1614713040836,1614713041175,1
1614713041187,1614713041525,1
1614713041536,1614713041872,1
1614713041884,1614713042222,1
1614713042234,1614713042572,1
1614713042584,1614713042918,1
1614713042930,1614713043266,1
1614713043278,1614713043622,1
1614713043633,1614713043968,1
