1614637603530,1614637619858,102
1614637619869,1614637625065,44
1614637625076,1614637639638,93
1614637639651,1614637673589,173
1614637673603,1614637719326,182
1614637719338,1614637742877,138
1614637742890,1614637764508,144
1614637764520,1614637777990,65
1614637778003,1614637803017,111
1614637803030,1614637823301,140
1614637823314,1614637850713,181
1614637850726,1614637869601,91
1614637869613,1614637874869,37
1614637874880,1614637886842,66
1614637886855,1614637924994,213
1614637925006,1614637931969,65
1614637931981,1614637951002,104
1614637951015,1614637958684,50
1614637958695,1614637972706,47
1614637972717,1614638009588,69
1614638009600,1614638021549,52
1614638021561,1614638057345,118
1614638057357,1614638074903,123
1614638074915,1614638086887,87
1614638086898,1614638125413,228
1614638125426,1614638134204,58
1614638134216,1614638139234,22
1614638139246,1614638148948,77
1614638148961,1614638159154,48
1614638159166,1614638183539,152
1614638183552,1614638241632,138
1614638241645,1614638249958,62
1614638249970,1614638259308,35
1614638259321,1614638270422,73
1614638270436,1614638292679,154
1614638292695,1614638303427,34
1614638303440,1614638314441,75
1614638314453,1614638337531,124
1614638337545,1614638343273,26
1614638343284,1614638448744,165
1614638448757,1614638487394,23
1614638487407,1614638531288,51
1614638531301,1614638544466,71
1614638544477,1614638565206,121
1614638565218,1614638593773,88
1614638593786,1614638617325,147
1614638617337,1614638673566,153
1614638673576,1614638679889,37
1614638679902,1614638812058,75
1614638812070,1614638825940,66
1614638825952,1614638842666,108
1614638842679,1614638878005,246
1614638878019,1614638885255,53
1614638885266,1614638924115,205
1614638924130,1614638933027,61
1614638933041,1614638968834,133
1614638968847,1614639100854,120
1614639100868,1614639106921,26
1614639106933,1614639164922,104
1614639164936,1614639181602,71
1614639181615,1614639201502,112
1614639201515,1614639208621,39
1614639208634,1614639212453,37
1614639212463,1614639255062,251
1614639255073,1614639263612,66
1614639263625,1614639347361,169
1614639347374,1614639370873,143
1614639370886,1614639378964,46
1614639378976,1614639410430,165
1614639410444,1614639415626,43
1614639415637,1614639567463,19
1614639567476,1614639573761,46
1614639573772,1614639587319,80
1614639587331,1614639628470,16
1614639628483,1614639639057,33
1614639639069,1614639655497,102
1614639655509,1614639696872,20
1614639696885,1614639712374,103
1614639712385,1614639724929,85
1614639724940,1614639739003,98
1614639739015,1614639750024,64
1614639750037,1614639778589,118
1614639778600,1614639827512,88
1614639827526,1614639841489,75
1614639841502,1614639852764,85
1614639852775,1614639859549,45
1614639859561,1614639864557,40
1614639864568,1614639902191,116
1614639902204,1614639908809,37
1614639908856,1614639916969,61
1614639916982,1614639919754,18
1614639919765,1614639935826,51
1614639935837,1614640039893,46
1614640039905,1614640045484,50
1614640045496,1614640050760,40
1614640050772,1614640074835,130
1614640074848,1614640081033,35
1614640081046,1614640115391,169
1614640115405,1614640128031,67
1614640128044,1614640181009,33
1614640181023,1614640188490,45
1614640188501,1614640195499,42
1614640195512,1614640203105,58
1614640203117,1614640224089,106
1614640224101,1614640229289,21
1614640229300,1614640239738,56
1614640239749,1614640245664,32
1614640245676,1614640253647,47
1614640253659,1614640281906,103
1614640281918,1614640300704,128
1614640300714,1614640310094,20
1614640310107,1614640367951,221
1614640367962,1614640382175,95
1614640382186,1614640394028,79
1614640394040,1614640477316,244
1614640477330,1614640531949,33
1614640531962,1614640534716,24
1614640534726,1614640549144,107
1614640549157,1614640559220,84
1614640559231,1614640575994,127
1614640576005,1614640681351,251
1614640681364,1614640690316,52
1614640690328,1614640701255,76
1614640701267,1614640708616,43
1614640708628,1614640738000,196
1614640738013,1614640744193,45
1614640744206,1614640755550,60
1614640755563,1614640786606,218
1614640786617,1614640845497,79
1614640845511,1614640864101,81
1614640864119,1614640892175,172
1614640892187,1614640900377,50
1614640900390,1614640907042,41
1614640907055,1614640914495,54
1614640914506,1614640930109,97
1614640930122,1614640965287,206
1614640965298,1614641039164,110
1614641039178,1614641064452,117
1614641064465,1614641092944,85
1614641092957,1614641107346,54
1614641107358,1614641119000,75
1614641119010,1614641126981,37
1614641126993,1614641164824,214
1614641164837,1614641194352,184
1614641194365,1614641255703,105
1614641255715,1614641292884,197
1614641292898,1614641338750,162
1614641338764,1614641347092,66
1614641347104,1614641353022,23
1614641353033,1614641371502,133
1614641371514,1614641391168,91
1614641391181,1614641404053,87
1614641404065,1614641413814,64
1614641413827,1614641430850,99
1614641430862,1614641486895,11
1614641486907,1614641498832,42
1614641498843,1614641512555,83
1614641512566,1614641522375,78
1614641522387,1614641557648,220
1614641557661,1614641598314,106
1614641598327,1614641631012,89
1614641631025,1614641647050,95
1614641647062,1614641678134,192
1614641678145,1614641685655,60
1614641685664,1614641701717,101
1614641701731,1614641712532,72
1614641712544,1614641863598,49
1614641863611,1614641870852,55
1614641871622,1614641930241,164
1614641930254,1614641936514,51
1614641936526,1614642079548,149
1614642079561,1614642089116,67
1614642089126,1614642101973,66
1614642101985,1614642117338,106
1614642117349,1614642123843,42
1614642123856,1614642143993,146
1614642144006,1614642183398,238
1614642183412,1614642187634,44
1614642187645,1614642241782,169
1614642241796,1614642255475,84
1614642255486,1614642263361,53
1614642263374,1614642273404,62
1614642273416,1614642288184,80
1614642288196,1614642347582,213
1614642347595,1614642391420,234
1614642391433,1614642418235,145
1614642418245,1614642424133,38
1614642424145,1614642444334,90
1614642444347,1614642466442,170
1614642466509,1614642476768,59
1614642476780,1614642487669,85
1614642487682,1614642512764,167
1614642512777,1614642537399,113
1614642537410,1614642572587,218
1614642572600,1614642661846,135
1614642661861,1614642692169,208
1614642692183,1614642709733,126
1614642709745,1614642725392,94
1614642725406,1614642793139,155
1614642793152,1614642799180,34
1614642800044,1614642824008,138
1614642824019,1614642832800,48
1614642832812,1614642845594,107
1614642845605,1614642853374,48
1614642853386,1614642862003,55
1614642862013,1614642870578,42
1614642870591,1614642897743,187
1614642897754,1614642930128,194
1614642930141,1614642939979,53
1614642939992,1614642951311,64
1614642951323,1614643093444,11
1614643093457,1614643141247,179
1614643141260,1614643151296,59
1614643151308,1614643208579,83
1614643208593,1614643223485,84
1614643223497,1614643247692,149
1614643247705,1614643306013,103
1614643306026,1614643345317,200
1614643345533,1614643369944,126
1614643369956,1614643424876,115
1614643424890,1614643438449,82
1614643438462,1614643444438,33
1614643444451,1614643670962,5
1614643670976,1614643684314,100
1614643684325,1614643690250,46
1614643690262,1614643713499,143
1614643713513,1614643752566,237
1614643752579,1614643760253,59
1614643760264,1614643793264,197
1614643793276,1614643820096,157
1614643820110,1614643841452,85
1614643841463,1614643852393,84
1614643852406,1614643900885,223
1614643900899,1614643914051,85
1614643914064,1614643965458,195
1614643965470,1614643985437,61
1614643985449,1614644055327,23
1614644055340,1614644060626,35
1614644060638,1614644076869,95
1614644076880,1614644102805,143
1614644102817,1614644109712,41
1614644109725,1614644133257,111
1614644133269,1614644160841,215
1614644160854,1614644168448,48
1614644168461,1614644173565,26
1614644173576,1614644197759,151
1614644197771,1614644217292,130
1614644217304,1614644230347,73
1614644230360,1614644237087,54
1614644237099,1614644273603,96
1614644273616,1614644280704,48
1614644280715,1614644306098,103
1614644306110,1614644331105,123
1614644331118,1614644375596,50
1614644375609,1614644381050,54
1614644381061,1614644434044,132
1614644434055,1614644445087,68
1614644445099,1614644465716,60
1614644465729,1614644478143,79
1614644478155,1614644491615,81
1614644491626,1614644497847,38
1614644497859,1614644520749,143
1614644520762,1614644540572,133
1614644540584,1614644577901,182
1614644577912,1614644588584,73
1614644588597,1614644609168,180
1614644609180,1614644615331,47
1614644615344,1614644635232,131
1614644635245,1614644645909,56
1614644645921,1614644650895,19
1614644650908,1614644658844,60
1614644658857,1614644669913,39
1614644669925,1614644702277,233
1614644702286,1614644724630,124
1614644724643,1614644743008,114
1614644743021,1614644778915,123
1614644778928,1614644783911,28
1614644783923,1614644872586,149
1614644872599,1614644877876,47
1614644877887,1614644886308,68
1614644886319,1614644894406,68
1614644894417,1614644902309,44
1614644902321,1614644915286,77
1614644915298,1614644953838,249
1614644953853,1614644961947,49
1614644961959,1614644976059,91
1614644976071,1614644994074,86
1614644994085,1614645003758,55
1614645003770,1614645021240,110
1614645021252,1614645038985,115
1614645038998,1614645074087,158
1614645074101,1614645109717,14
1614645109731,1614645124904,106
1614645124915,1614645143510,118
1614645143523,1614645166945,107
1614645166956,1614645198532,54
1614645198545,1614645241570,121
1614645241583,1614645275633,6
1614645275647,1614645292852,119
1614645292865,1614645304380,70
1614645304393,1614645329110,143
1614645329123,1614645367271,198
1614645367283,1614645390713,141
1614645390726,1614645397359,48
1614645397372,1614645417387,58
1614645417398,1614645432376,43
1614645432387,1614645441869,67
1614645441881,1614645464754,134
1614645464766,1614645472693,79
1614645472705,1614645541635,66
1614645541648,1614645563754,150
1614645563767,1614645659202,31
1614645659216,1614645730068,229
1614645730082,1614645765711,230
1614645765725,1614645781557,109
1614645781569,1614645785098,41
1614645785108,1614645810092,136
1614645810105,1614645816790,44
1614645816803,1614645823650,43
1614645823663,1614645828688,44
1614645828699,1614645870412,180
1614645870424,1614645924843,96
1614645924856,1614645930892,50
1614645930903,1614645945370,70
1614645945382,1614645953762,47
1614645953773,1614645962015,65
1614645962024,1614645993748,190
1614645993760,1614646010097,115
1614646010109,1614646044353,214
1614646044367,1614646088313,22
1614646088325,1614646103418,99
1614646103431,1614646108188,20
1614646108200,1614646112777,33
1614646112789,1614646139345,162
1614646139357,1614646169757,142
1614646169769,1614646187541,118
1614646187554,1614646192970,44
1614646192981,1614646205499,34
1614646205512,1614646271928,1
1614646271942,1614646294947,125
1614646294960,1614646308622,86
1614646308634,1614646315220,51
1614646315231,1614646329325,87
1614646329337,1614646335422,53
1614646335435,1614646348783,92
1614646348795,1614646352844,34
1614646352855,1614646357947,18
1614646357959,1614646362769,31
1614646362780,1614646371304,49
1614646371317,1614646547715,238
1614646547729,1614646551981,26
1614646551991,1614646579382,151
1614646579396,1614646601467,82
1614646601478,1614646613105,35
1614646613117,1614646638592,135
1614646638605,1614646644103,39
1614646644114,1614646651910,50
1614646651922,1614646658091,38
1614646658103,1614646663206,33
1614646663217,1614646710029,217
1614646710042,1614646719383,62
1614646719394,1614646741078,144
1614646741090,1614646764857,157
1614646764871,1614646827552,162
1614646827566,1614646858846,207
1614646858859,1614646951701,230
1614646951715,1614646972929,63
1614646972942,1614646999501,38
1614646999514,1614647023090,43
1614647023102,1614647059347,231
1614647059361,1614647087416,177
1614647087429,1614647111391,132
1614647111403,1614647117455,39
1614647117466,1614647123971,44
1614647123983,1614647170237,232
1614647170250,1614647193216,152
1614647193228,1614647246058,195
1614647246070,1614647249630,20
1614647249640,1614647313310,107
1614647313324,1614647351371,192
1614647351384,1614647396855,17
1614647396868,1614647407286,61
1614647407299,1614647423773,63
1614647423785,1614647442152,116
1614647442164,1614647447178,33
1614647447189,1614647452817,52
1614647452828,1614647486566,111
1614647486580,1614647493613,44
1614647493625,1614647502711,65
1614647502724,1614647541547,216
1614647541559,1614647578389,220
1614647578402,1614647583682,32
1614647583693,1614647597320,70
1614647597332,1614647655867,77
1614647655879,1614647669589,75
1614647669602,1614647690402,140
1614647690414,1614647754813,159
1614647754825,1614647763339,41
1614647763351,1614647766999,20
1614647767010,1614647778402,51
1614647778414,1614647908859,213
1614647908871,1614647918349,61
1614647918361,1614647923071,34
1614647923083,1614647942384,115
1614647942397,1614647948076,34
1614647948088,1614647962242,84
1614647962255,1614648035090,243
1614648035104,1614648063752,104
1614648063765,1614648083051,111
1614648083065,1614648102287,126
1614648102300,1614648136532,211
1614648136544,1614648147612,66
1614648147625,1614648167059,111
1614648167072,1614648173659,40
1614648173672,1614648300757,230
1614648300771,1614648367532,161
1614648367545,1614648382278,66
1614648382291,1614648389645,50
1614648389658,1614648434139,197
1614648434153,1614648441938,60
1614648441951,1614648475266,194
1614648475279,1614648499443,112
1614648499456,1614648526676,187
1614648526689,1614648550511,165
1614648550524,1614648606885,232
1614648606897,1614648648538,194
1614648648551,1614648651820,26
1614648651830,1614648685467,215
1614648685481,1614648704694,140
1614648704705,1614648849944,100
1614648849956,1614648859363,25
1614648859375,1614648871219,87
1614648871232,1614648878002,26
1614648878013,1614648883268,48
1614648883280,1614648893087,48
1614648893100,1614648916085,171
1614648916097,1614648959026,33
1614648959040,1614648977033,132
1614648977046,1614648993470,114
1614648993482,1614649119523,64
1614649119537,1614649128657,44
1614649128670,1614649135718,43
1614649135730,1614649144866,63
1614649144877,1614649153231,25
1614649153243,1614649177604,102
1614649177616,1614649181246,16
1614649181259,1614649186240,30
1614649186253,1614649196181,70
1614649196193,1614649209751,96
1614649209762,1614649228922,116
1614649228934,1614649253740,122
1614649253753,1614649263361,41
1614649263373,1614649277315,97
1614649277326,1614649287036,63
1614649287052,1614649290034,25
1614649290045,1614649372005,161
1614649372020,1614649394181,155
1614649394194,1614649401932,47
1614649402922,1614649423723,140
1614649423734,1614649428129,30
1614649428140,1614649430826,24
1614649430836,1614649467524,184
1614649467537,1614649473134,44
1614649473145,1614649488074,101
1614649488085,1614649493445,28
1614649493457,1614649513041,133
1614649513054,1614649546504,198
1614649546517,1614649577007,180
1614649577019,1614649602652,169
1614649602665,1614649630449,166
1614649630459,1614649684178,20
1614649684191,1614649694815,80
1614649694827,1614649736415,202
1614649736428,1614649742289,31
1614649742300,1614649747971,20
1614649747983,1614649783625,216
1614649783637,1614649811447,95
1614649811459,1614649872899,36
1614649872912,1614649905898,214
1614649905912,1614649923243,109
1614649923254,1614649947899,159
1614649947912,1614649953299,12
1614649953310,1614649964762,58
1614649964775,1614649973903,52
1614649973916,1614649989937,104
1614649989950,1614649997327,35
1614649997340,1614650008605,58
1614650008617,1614650045135,209
1614650045148,1614650048140,33
1614650048150,1614650061695,90
1614650061705,1614650097188,208
1614650097201,1614650102593,31
1614650102606,1614650111593,58
1614650111605,1614650137310,137
1614650137323,1614650153932,121
1614650153944,1614650160262,42
1614650160274,1614650177900,146
1614650177912,1614650183759,37
1614650183771,1614650212044,87
1614650212057,1614650220914,61
1614650220926,1614650234615,87
1614650234627,1614650244133,38
1614650244145,1614650248072,22
1614650248083,1614650317146,82
1614650317159,1614650387366,54
1614650387379,1614650390101,19
1614650390111,1614650395924,28
1614650395937,1614650400553,32
1614650400564,1614650418304,112
1614650418317,1614650459462,33
1614650459474,1614650508705,132
1614650508718,1614650520872,93
1614650520884,1614650525789,31
1614650525801,1614650534122,58
1614650534134,1614650622078,18
1614650622091,1614650635014,67
1614650635024,1614650655120,88
1614650655133,1614650679114,159
1614650679125,1614650684881,37
1614650684894,1614650722704,253
1614650722717,1614650736343,76
1614650736356,1614650768355,192
1614650768367,1614650887772,123
1614650887785,1614650908892,67
1614650908904,1614650940338,172
1614650940352,1614650957262,103
1614650957274,1614650993105,228
1614650993118,1614650999912,49
1614650999924,1614651101272,84
1614651101284,1614651165158,145
1614651165171,1614651196665,172
1614651196678,1614651516535,86
1614651516548,1614651521848,39
1614651521859,1614651547686,153
1614651547700,1614651556167,33
1614651556180,1614651574155,124
1614651574167,1614651671448,200
1614651671463,1614651677912,42
1614651677924,1614651692080,88
1614651692092,1614651718200,138
1614651718213,1614651739681,132
1614651739694,1614651799608,172
1614651799620,1614651812513,87
1614651812524,1614651816414,37
1614651816424,1614651831977,82
1614651831991,1614651849936,88
1614651849948,1614651864946,91
1614651864959,1614651881817,114
1614651881829,1614651888149,38
1614651888161,1614651903013,72
1614651903025,1614651914270,75
1614651914281,1614651943144,113
1614651943156,1614651949523,38
1614651949536,1614652007125,132
1614652007137,1614652016836,63
1614652016848,1614652125259,83
1614652125272,1614652140041,109
1614652140052,1614652190702,73
1614652190714,1614652226021,141
1614652226034,1614652248509,149
1614652248521,1614652348894,246
1614652348906,1614652361548,87
1614652361560,1614652368646,35
1614652368657,1614652434096,151
1614652434109,1614652438013,31
1614652438024,1614652442593,27
1614652442605,1614652524753,71
1614652524766,1614652543263,91
1614652543275,1614652644903,41
1614652644916,1614652665606,137
1614652665618,1614652674083,55
1614652674096,1614652709248,154
1614652709259,1614652773632,171
1614652773643,1614652844040,215
1614652844053,1614652857674,80
1614652857686,1614652876669,128
1614652876681,1614652893676,89
1614652893689,1614652906352,63
1614652906365,1614652911190,39
1614652911201,1614652920745,69
1614652920757,1614652969627,168
1614652969639,1614652974505,21
1614652974516,1614652979824,39
1614652979836,1614653035415,195
1614653035428,1614653051262,123
1614653051273,1614653061507,75
1614653061519,1614653074585,82
1614653074596,1614653082594,40
1614653082605,1614653109433,170
1614653109446,1614653165734,238
1614653165745,1614653171331,51
1614653171561,1614653193214,135
1614653193225,1614653208855,95
1614653208867,1614653228977,109
1614653228990,1614653255208,148
1614653255221,1614653261991,37
1614653262004,1614653267514,35
1614653267525,1614653298412,210
1614653298426,1614653305343,41
1614653305356,1614653322469,101
1614653322482,1614653330018,45
1614653330031,1614653338397,48
1614653339650,1614653405493,185
1614653405506,1614653447068,102
1614653447080,1614653451504,30
1614653451514,1614653461151,54
1614653461163,1614653707875,198
1614653707889,1614653746660,212
1614653746673,1614653782904,205
1614653782916,1614653790269,49
1614653790281,1614653796735,40
1614653796747,1614653801371,21
1614653801383,1614653810146,47
1614653810158,1614653831769,122
1614653831781,1614653853422,147
1614653853434,1614653946037,186
1614653946050,1614653955066,56
1614653955078,1614653961973,50
1614653961986,1614653972223,42
1614653972236,1614653989162,86
1614653989174,1614653996207,50
1614653996220,1614654012405,98
1614654012417,1614654019642,50
1614654019653,1614654043391,167
1614654043403,1614654048113,33
1614654048124,1614654105607,89
1614654105619,1614654131956,154
1614654131967,1614654136808,32
1614654136820,1614654143701,50
1614654143714,1614654153437,65
1614654153447,1614654209714,21
1614654209727,1614654280985,182
1614654280998,1614654289565,51
1614654289577,1614654330296,245
1614654330308,1614654393971,171
1614654393984,1614654408927,68
1614654408940,1614654446797,127
1614654446811,1614654450820,20
1614654450831,1614654469850,73
1614654469862,1614654531305,17
1614654531318,1614654540845,53
1614654540857,1614654584334,44
1614654584345,1614654604699,109
1614654604712,1614654653176,62
1614654653188,1614654692824,171
1614654692835,1614654723655,191
1614654723668,1614654733897,62
1614654733908,1614654743451,68
1614654743464,1614654767383,130
1614654767396,1614654778741,64
1614654778753,1614654832072,80
1614654832084,1614654851102,106
1614654851152,1614654882103,95
1614654882115,1614654892515,74
1614654892527,1614654904706,86
1614654904717,1614654912431,45
1614654912444,1614654918154,38
1614654918165,1614654936844,118
1614654936855,1614654956273,143
1614654956286,1614654959901,36
1614654959910,1614655021749,124
1614655021763,1614655030083,60
1614655030094,1614655061300,111
1614655061313,1614655071445,60
1614655071457,1614655084595,88
1614655084607,1614655103598,114
1614655103610,1614655174066,77
1614655174078,1614655194709,131
1614655194721,1614655262842,3
1614655262855,1614655274703,48
1614655274715,1614655289265,89
1614655289277,1614655292867,34
1614655292877,1614655298292,46
1614655298305,1614655306438,38
1614655306450,1614655328852,119
1614655328864,1614655448205,175
1614655448218,1614655456459,51
1614655456471,1614655507359,10
1614655507372,1614655528782,58
1614655528795,1614655572160,15
1614655572172,1614655598384,80
1614655598395,1614655605465,34
1614655605479,1614655613906,60
1614655613918,1614655630520,90
1614655630533,1614655684396,110
1614655684409,1614655702869,115
1614655702881,1614655724279,118
1614655724292,1614655734369,43
1614655734381,1614655749958,99
1614655749971,1614655785302,232
1614655785315,1614655833817,44
1614655833829,1614655837990,29
1614655838001,1614655853827,91
1614655853839,1614655860104,41
1614655860116,1614655931561,37
1614655931575,1614656059017,187
1614656059031,1614656071659,83
1614656071671,1614656538697,236
1614656538715,1614656586218,15
1614656586229,1614656594155,58
1614656594166,1614656628401,234
1614656628412,1614656643848,107
1614656643861,1614656652429,53
1614656652441,1614656665364,80
1614656665377,1614656675741,48
1614656675754,1614656681813,41
1614656681824,1614656690171,41
1614656690185,1614656738886,208
1614656738899,1614656767785,105
1614656767798,1614656781453,53
1614656781466,1614656815005,155
1614656815017,1614656822888,63
1614656822899,1614656830845,24
1614656830857,1614656839838,58
1614656839850,1614656853661,88
1614656853672,1614656880330,190
1614656880341,1614656901375,129
1614656901388,1614656951833,31
1614656951847,1614656955753,39
1614656955764,1614656986720,179
1614656986734,1614657042875,134
1614657042888,1614657051866,69
1614657051878,1614657150379,208
1614657150392,1614657166350,122
1614657166361,1614657215650,146
1614657215664,1614657272775,22
1614657272786,1614657281964,68
1614657281977,1614657307804,125
1614657307817,1614657317378,70
1614657317389,1614657329231,62
1614657329244,1614657337177,37
1614657337189,1614657356109,130
1614657356121,1614657372323,110
1614657372335,1614657382919,92
1614657382930,1614657397902,91
1614657397981,1614657592188,28
1614657592201,1614657596378,25
1614657596388,1614657615789,116
1614657615803,1614657644062,136
1614657644075,1614657708467,148
1614657708480,1614657736512,136
1614657736523,1614658238788,175
1614658238805,1614658271955,250
1614658271968,1614658284236,88
1614658284247,1614658340692,130
1614658340704,1614658389212,215
1614658389224,1614658408856,140
1614658408868,1614658457728,79
1614658457739,1614658463549,32
1614658463561,1614658483342,114
1614658483355,1614658490022,38
1614658490033,1614658494292,28
1614658494303,1614658513254,69
1614658513265,1614658523046,60
1614658523059,1614658527650,41
1614658527661,1614658572305,44
1614658572319,1614658575550,27
1614658575563,1614658583930,55
1614658583943,1614658623588,6
1614658623600,1614658643548,142
1614658643560,1614658654179,81
1614658654190,1614658666354,77
1614658666365,1614658676381,56
1614658676394,1614658729761,112
1614658729775,1614658738807,55
1614658738819,1614658745806,67
1614658745818,1614658759577,104
1614658759588,1614658784237,105
1614658784250,1614658795713,54
1614658795725,1614658837393,49
1614658837406,1614658842993,43
1614658843016,1614658957404,183
1614658957415,1614658967007,57
1614658967019,1614658987653,145
1614658987663,1614658997209,43
1614658997222,1614659007179,74
1614659007190,1614659027321,129
1614659027333,1614659039391,79
1614659039403,1614659042021,21
1614659042031,1614659113187,189
1614659113198,1614659145256,202
1614659145269,1614659170705,156
1614659170718,1614659202887,217
1614659202901,1614659221929,142
1614659221939,1614659226878,34
1614659226890,1614659274552,56
1614659274564,1614659286923,81
1614659286935,1614659295603,47
1614659295616,1614659310243,84
1614659310254,1614659316510,36
1614659316522,1614659329268,67
1614659329281,1614659384147,135
1614659384160,1614659490923,108
1614659490937,1614659607069,20
1614659607081,1614659633540,107
1614659633553,1614659645712,66
1614659645724,1614659651639,34
1614659651652,1614659656991,32
1614659657003,1614659696354,254
1614659696366,1614659708352,64
1614659708364,1614659717717,62
1614659717730,1614659725788,51
1614659725800,1614659769140,24
1614659769152,1614659775423,54
1614659775433,1614659808786,205
1614659808798,1614659835874,84
1614659835887,1614659851297,96
1614659851310,1614659866523,99
1614659866534,1614659880124,84
1614659880137,1614659901753,158
1614659901766,1614659924064,142
1614659924075,1614659939914,112
1614659939926,1614659969699,167
1614659969711,1614659987423,109
1614659987434,1614660000496,63
1614660000508,1614660053163,82
1614660053177,1614660168175,38
1614660168188,1614660178516,68
1614660178529,1614660188718,66
1614660188730,1614660210176,150
1614660210188,1614660240750,177
1614660240814,1614660249485,49
1614660249497,1614660263682,100
1614660263695,1614660288284,123
1614660288297,1614660302501,79
1614660302514,1614660318168,103
1614660318180,1614660332075,88
1614660332088,1614660431173,213
1614660431186,1614660450397,118
1614660450409,1614660457748,42
1614660457759,1614660495121,254
1614660495133,1614660522057,176
1614660522070,1614660580699,130
1614660580711,1614660652477,232
1614660652491,1614660660794,47
1614660660806,1614660689222,187
1614660689233,1614660705632,116
1614660705644,1614660713271,41
1614660713284,1614660730283,111
1614660730296,1614660738046,50
1614660738058,1614660744336,34
1614660744349,1614660748579,49
1614660748588,1614660758163,71
1614660758175,1614660772391,117
1614660772403,1614660780782,60
1614660781069,1614660791669,56
1614660791682,1614660809318,101
1614660809330,1614660814605,36
1614660814616,1614660832864,115
1614660832876,1614660920118,127
1614660920132,1614660943001,141
1614660943013,1614661071395,148
1614661071408,1614661241622,141
1614661241635,1614661249730,48
1614661249741,1614661277135,163
1614661277148,1614661290147,64
1614661290160,1614661308333,124
1614661308345,1614661313086,27
1614661313097,1614661425925,135
1614661425938,1614661434699,45
1614661434712,1614661447702,95
1614661447715,1614661461244,81
1614661461257,1614661465676,32
1614661465685,1614661510002,249
1614661510015,1614661521179,64
1614661521190,1614661590615,216
1614661590628,1614661721611,14
1614661721624,1614661731887,76
1614661731899,1614661746271,81
1614661746283,1614661826939,218
1614661826952,1614661854830,181
1614661854842,1614661866894,75
1614661866906,1614661898823,83
1614661898834,1614661932059,105
1614661932071,1614661948772,117
1614661948784,1614661970164,144
1614661970177,1614662020472,43
1614662020485,1614662066599,213
1614662066612,1614662085477,68
1614662085490,1614662103351,90
1614662103365,1614662107871,38
1614662107882,1614662119311,71
1614662119324,1614662129824,30
1614662129835,1614662138560,54
1614662138573,1614662156046,106
1614662156058,1614662188059,203
1614662188072,1614662200816,76
1614662200829,1614662204696,33
1614662204707,1614662212311,50
1614662213151,1614662221692,50
1614662221704,1614662227588,32
1614662227601,1614662265291,198
1614662265304,1614662279579,90
1614662279591,1614662294698,103
1614662294709,1614662327061,176
1614662327075,1614662340448,72
1614662340461,1614662358358,97
1614662358370,1614662409886,226
1614662409899,1614662433524,34
1614662433536,1614662463924,166
1614662463936,1614662475025,55
1614662475037,1614662498015,131
1614662498027,1614662514765,98
1614662514778,1614662559410,68
1614662559423,1614662583361,145
1614662583374,1614662593644,71
1614662593753,1614662612051,122
1614662612063,1614662632334,127
1614662632348,1614662642268,53
1614662642281,1614662658940,105
1614662658951,1614662672578,100
1614662672589,1614662681409,44
1614662681422,1614662711289,178
1614662711302,1614662724932,102
1614662724944,1614662735859,72
1614662735870,1614662741205,51
1614662741216,1614662748652,38
1614662748664,1614662758659,57
1614662758672,1614662796166,135
1614662796179,1614662828658,119
1614662828669,1614662835320,46
1614662835332,1614662848404,61
1614662848415,1614662905566,72
1614662905579,1614662910012,26
1614662910024,1614662951434,10
1614662951446,1614662962711,60
1614662962722,1614662996377,240
1614662996390,1614663006503,59
1614663006516,1614663033085,135
1614663033097,1614663102919,105
1614663102932,1614663115748,85
1614663115759,1614663228537,97
1614663228550,1614663239560,90
1614663239572,1614663262691,149
1614663262704,1614663315068,221
1614663315081,1614663318403,34
1614663318414,1614663325230,33
1614663325243,1614663368027,29
1614663368040,1614663386223,109
1614663386235,1614663398711,66
1614663398724,1614663450102,105
1614663450115,1614663457669,38
1614663457682,1614663463030,35
1614663463042,1614663489232,158
1614663489245,1614663510655,147
1614663510668,1614663517755,52
1614663517767,1614663559510,12
1614663559522,1614663580563,178
1614663580574,1614663587539,40
1614663587552,1614663611928,199
1614663611941,1614663621682,61
1614663621695,1614663630735,32
1614663630747,1614663647381,83
1614663647393,1614663651302,31
1614663651312,1614663659470,49
1614663659482,1614663671002,63
1614663671014,1614663695262,80
1614663695275,1614663711617,97
1614663711630,1614663716594,47
1614663716605,1614663731873,65
1614663731885,1614663774034,176
1614663774047,1614663882778,233
1614663882791,1614663892317,72
1614663892328,1614663906261,90
1614663906272,1614663911584,41
1614663911596,1614663921968,58
1614663921980,1614663947973,179
1614663947985,1614663967084,79
1614663967097,1614663977398,67
1614663977410,1614664026436,13
1614664026448,1614664035694,77
1614664035705,1614664117281,249
1614664117294,1614664120629,31
1614664120639,1614664133029,91
1614664133040,1614664140822,53
1614664140834,1614664204908,251
1614664204922,1614664266436,0
1614664266448,1614664396233,35
1614664396246,1614664403197,37
1614664403209,1614664415339,65
1614664415351,1614664420482,34
1614664420493,1614664482186,177
1614664482198,1614664518590,235
1614664518603,1614664525457,49
1614664525469,1614664534352,48
1614664534365,1614664548867,99
1614664548877,1614664559484,52
1614664559496,1614664569624,56
1614664569636,1614664577064,61
1614664577076,1614664655602,205
1614664655614,1614664683390,119
1614664683402,1614664740155,135
1614664740169,1614664779079,191
1614664779092,1614664787516,27
1614664787528,1614664797763,77
1614664797775,1614664881761,166
1614664881775,1614664885774,23
1614664885789,1614664931111,7
1614664931124,1614664959846,143
1614664959859,1614664982215,53
