1614631763818,1614631775905,72
1614631775918,1614631843548,211
1614631843573,1614631845797,24
1614631845807,1614631849547,24
1614631849557,1614631857214,92
1614631857226,1614631860522,37
1614631860532,1614631867092,73
1614631867104,1614631871167,51
1614631871178,1614631877848,73
1614631877859,1614631881625,35
1614631881636,1614631883945,20
1614631883956,1614631899503,90
1614631899514,1614631902576,10
1614631902588,1614631907645,62
1614631907656,1614631910780,20
1614631910792,1614631917824,55
1614631917836,1614631922536,46
1614631922547,1614631926449,36
1614631926460,1614631930862,15
1614631930874,1614631933909,20
1614631933921,1614631938594,53
1614631938605,1614631940550,11
1614631940560,1614631944719,16
1614631944731,1614631951846,76
1614631951860,1614631954324,19
1614631954335,1614631957712,16
1614631957724,1614631966332,109
1614631966344,1614631969485,19
1614631969497,1614631974047,18
1614631974060,1614631984211,108
1614631984222,1614631998012,234
1614631998023,1614632000272,15
1614632000281,1614632006177,44
1614632006188,1614632011112,40
1614632011124,1614632021373,111
1614632021386,1614632025197,23
1614632025212,1614632031293,55
1614632031306,1614632036130,38
1614632036141,1614632038330,17
1614632038341,1614632064515,108
1614632064526,1614632067085,15
1614632067096,1614632070375,23
1614632070387,1614632072290,13
1614632072301,1614632088853,199
1614632088865,1614632092718,43
1614632092729,1614632094937,24
1614632094948,1614632098280,21
1614632098292,1614632102308,18
1614632102320,1614632107171,40
1614632107183,1614632108989,16
1614632109000,1614632114795,60
1614632114806,1614632130786,110
1614632130798,1614632136103,56
1614632136114,1614632142218,71
1614632142229,1614632147019,49
1614632147033,1614632153409,78
1614632153421,1614632157632,32
1614632157643,1614632161870,21
1614632161882,1614632170673,96
1614632170685,1614632195506,234
1614632195519,1614632210449,205
1614632210461,1614632217499,49
1614632217512,1614632221535,40
1614632221547,1614632225917,25
1614632225929,1614632230326,35
1614632230338,1614632235084,28
1614632235096,1614632236807,8
1614632236819,1614632243567,55
1614632243579,1614632247501,31
1614632247728,1614632259333,110
1614632259345,1614632262444,14
1614632262456,1614632272662,78
1614632272674,1614632275591,18
1614632275603,1614632279301,35
1614632279313,1614632286859,49
1614632286871,1614632292455,54
1614632292468,1614632296907,18
1614632296921,1614632300195,15
1614632300207,1614632304935,61
1614632304946,1614632307330,27
1614632307341,1614632318376,138
1614632318387,1614632320739,19
1614632320751,1614632323249,17
1614632323280,1614632326077,33
1614632326087,1614632328502,21
1614632328513,1614632331967,23
1614632331979,1614632339216,59
1614632339234,1614632341093,12
1614632341105,1614632344610,27
1614632344621,1614632351032,52
1614632351045,1614632356790,50
1614632356802,1614632363775,50
1614632363788,1614632370571,44
1614632370583,1614632372622,15
1614632372632,1614632377155,22
1614632377168,1614632381069,16
1614632381080,1614632391871,110
1614632391885,1614632395951,43
1614632395961,1614632400241,31
1614632400253,1614632402253,15
1614632402264,1614632410152,76
1614632410165,1614632412427,15
1614632412437,1614632423857,148
1614632423869,1614632430633,92
1614632430656,1614632434714,32
1614632434725,1614632436889,16
1614632436900,1614632457953,236
1614632457966,1614632460153,22
1614632460163,1614632465526,37
1614632465539,1614632469209,42
1614632469218,1614632471480,18
1614632471491,1614632474139,31
1614632474150,1614632478194,9
1614632478206,1614632482751,26
1614632482763,1614632487039,23
1614632487051,1614632490693,37
1614632490704,1614632565352,86
1614632565365,1614632571027,42
1614632571039,1614632575918,37
1614632575931,1614632581475,36
1614632581487,1614632586360,45
1614632586372,1614632626403,126
1614632626417,1614632633524,79
1614632633536,1614632641754,69
1614632641767,1614632649305,19
1614632649317,1614632655978,50
1614632655990,1614632657773,17
1614632657784,1614632662083,20
1614632662095,1614632666565,22
1614632666577,1614632668885,26
1614632668895,1614632676376,99
1614632676387,1614632682434,55
1614632682447,1614632685784,24
1614632685795,1614632694526,89
1614632694539,1614632700892,103
1614632700904,1614632706576,35
1614632706588,1614632708483,10
1614632708494,1614632713098,42
1614632713109,1614632717078,51
1614632717089,1614632721952,20
1614632721964,1614632726107,20
1614632726119,1614632729169,15
1614632729180,1614632732674,31
1614632732686,1614632735909,33
1614632735919,1614632738827,33
1614632738837,1614632742878,27
1614632742889,1614632745886,19
1614632745899,1614632750533,35
1614632750545,1614632753548,15
1614632753560,1614632756699,31
1614632756710,1614632761810,64
1614632761821,1614632782336,12
1614632782348,1614632789908,59
1614632789920,1614632797284,96
1614632797296,1614632833332,145
1614632833345,1614632835747,29
1614632835756,1614632838113,28
1614632838124,1614632840313,18
1614632840323,1614632846480,47
1614632846493,1614632850701,41
1614632850712,1614632857619,64
1614632857630,1614632860807,30
1614632860817,1614632870621,80
1614632870632,1614632880697,32
1614632880709,1614632898166,183
1614632898178,1614632900581,18
1614632900592,1614632909849,112
1614632909860,1614632912322,25
1614632912335,1614632915810,23
1614632915822,1614632921090,29
1614632921102,1614632924867,25
1614632924878,1614632926900,12
1614632926911,1614632930054,22
1614632930064,1614632932154,15
1614632932165,1614632935128,15
1614632935139,1614632941709,48
1614632941721,1614632946490,32
1614632946501,1614632949244,7
1614632949256,1614632954583,45
1614632954595,1614632960572,36
1614632960584,1614632966064,56
1614632966077,1614632970308,22
1614632970320,1614632972983,26
1614632972994,1614632974904,16
1614632974914,1614632979911,21
1614632979923,1614632984176,13
1614632984188,1614632986231,19
1614632986241,1614632989778,48
1614632989788,1614632999797,119
1614632999808,1614633005018,31
1614633005031,1614633008475,32
1614633008486,1614633011271,13
1614633011283,1614633014252,15
1614633014264,1614633018931,24
1614633018943,1614633021054,26
1614633021065,1614633023076,17
1614633023087,1614633027310,28
1614633027322,1614633029432,8
1614633029442,1614633031566,22
1614633031577,1614633035623,18
1614633035634,1614633037652,9
1614633037663,1614633040827,16
1614633040839,1614633046373,23
1614633046385,1614633052088,38
1614633052101,1614633063328,120
1614633063340,1614633065148,10
1614633065158,1614633069405,23
1614633069417,1614633083475,118
1614633083488,1614633088037,28
1614633088050,1614633092169,10
1614633092180,1614633098937,72
1614633098949,1614633103080,25
1614633103092,1614633107636,49
1614633107648,1614633112313,70
1614633112326,1614633115898,33
1614633115909,1614633117917,12
1614633117927,1614633121118,18
1614633121130,1614633127123,59
1614633127134,1614633130455,18
1614633130466,1614633132775,31
1614633132786,1614633136868,22
1614633136879,1614633154957,224
1614633154968,1614633157521,18
1614633157532,1614633163437,37
1614633163449,1614633165490,18
1614633165501,1614633173304,74
1614633173317,1614633175233,17
1614633175243,1614633177404,17
1614633177415,1614633182849,37
1614633182861,1614633185602,20
1614633185612,1614633195168,101
1614633195180,1614633197472,22
1614633197482,1614633208803,141
1614633208816,1614633211025,22
1614633211036,1614633214863,30
1614633214875,1614633222888,41
1614633222901,1614633225427,30
1614633225438,1614633228130,26
1614633228141,1614633230253,21
1614633230263,1614633233915,16
1614633233926,1614633241557,17
1614633241567,1614633248501,66
1614633248513,1614633255197,92
1614633255208,1614633259844,40
1614633259856,1614633267841,69
1614633267853,1614633269657,17
1614633269667,1614633272361,24
1614633272371,1614633279131,75
1614633279142,1614633282828,38
1614633282839,1614633284570,9
1614633284582,1614633293288,78
1614633293301,1614633298131,30
1614633298143,1614633300022,15
1614633300033,1614633302292,19
1614633302303,1614633307438,61
1614633307449,1614633312900,53
1614633312912,1614633318901,64
1614633318912,1614633322806,32
1614633322816,1614633325667,31
1614633325677,1614633330411,36
1614633330422,1614633334644,28
1614633334656,1614633339091,21
1614633339103,1614633343732,36
1614633343744,1614633378831,61
1614633378844,1614633382516,24
1614633382527,1614633385540,30
1614633385549,1614633388947,23
1614633388959,1614633392244,11
1614633392256,1614633411583,213
1614633411596,1614633414996,25
1614633415008,1614633417959,12
1614633417973,1614633430667,165
1614633430678,1614633434201,24
1614633434213,1614633441348,63
1614633441360,1614633454024,177
1614633454037,1614633456066,9
1614633456076,1614633458805,32
1614633458816,1614633461582,26
1614633461592,1614633464942,21
1614633464954,1614633467851,13
1614633467862,1614633472449,28
1614633472462,1614633475549,37
1614633475559,1614633478076,21
1614633478087,1614633487400,22
1614633487413,1614633491067,15
1614633491079,1614633496741,43
1614633496753,1614633502445,67
1614633502457,1614633512001,100
1614633512014,1614633514782,11
1614633514794,1614633517772,38
1614633517782,1614633522454,46
1614633522465,1614633525915,15
1614633525927,1614633532138,32
1614633532150,1614633536730,48
1614633536741,1614633541015,38
1614633541030,1614633544938,20
1614633544948,1614633556056,120
1614633556069,1614633560758,28
1614633560770,1614633566996,39
1614633567009,1614633570167,23
1614633570178,1614633574194,12
1614633574206,1614633577352,24
1614633577364,1614633582129,23
1614633582141,1614633585965,7
1614633585976,1614633592113,60
1614633592126,1614633622582,52
1614633622593,1614633634434,64
1614633634447,1614633637703,29
1614633637713,1614633648147,78
1614633648159,1614633651997,13
1614633652009,1614633655626,18
1614633655639,1614633668109,61
1614633668122,1614633671147,18
1614633671158,1614633675121,22
1614633675133,1614633681028,35
1614633681039,1614633685113,18
1614633685124,1614633689933,29
1614633689945,1614633692044,23
1614633692055,1614633696199,41
1614633696210,1614633702589,48
1614633702601,1614633707268,14
1614633707280,1614633711385,48
1614633711397,1614633714428,25
1614633714439,1614633720432,34
1614633720444,1614633722901,14
1614633722911,1614633729448,79
1614633729461,1614633734935,40
1614633734947,1614633738145,21
1614633738157,1614633741736,46
1614633741746,1614633743889,21
1614633743900,1614633750016,61
1614633750029,1614633756961,79
1614633756973,1614633767036,82
1614633767049,1614633769071,15
1614633769082,1614633783637,93
1614633783649,1614633786178,23
1614633786189,1614633789809,48
1614633789820,1614633795277,26
1614633795288,1614633822533,116
1614633822546,1614633834223,140
1614633834236,1614633837122,31
1614633837133,1614633844971,96
1614633844983,1614633900558,170
1614633900570,1614633903718,20
1614633903729,1614633905501,11
1614633905511,1614633908645,38
1614633908655,1614633913345,33
1614633913357,1614633917792,43
1614633917802,1614633920397,26
1614633920408,1614633922953,23
1614633922963,1614633927463,22
1614633927476,1614633932974,26
1614633932986,1614633948574,169
1614633948587,1614633951747,19
1614633951758,1614633954754,17
1614633954765,1614633963187,102
1614633963199,1614633970542,90
1614633970554,1614633974825,16
1614633974837,1614633980301,78
1614633980313,1614633983982,19
1614633983992,1614633990000,43
1614633990013,1614633996871,66
1614633996884,1614633999871,15
1614633999883,1614634004323,29
1614634004334,1614634016580,64
1614634016593,1614634021742,23
1614634021756,1614634026749,59
1614634026762,1614634031304,39
1614634031315,1614634034975,21
1614634034987,1614634038437,34
1614634038447,1614634043708,50
1614634043720,1614634047648,15
1614634047659,1614634051096,37
1614634051107,1614634055125,24
1614634055137,1614634059694,56
1614634059705,1614634064442,55
1614634064453,1614634068420,33
1614634068432,1614634070347,11
1614634070358,1614634095564,235
1614634095577,1614634099792,23
1614634099803,1614634105473,66
1614634105484,1614634107446,15
1614634107457,1614634109779,26
1614634109791,1614634115535,26
1614634115546,1614634124479,111
1614634124492,1614634127301,12
1614634127312,1614634130654,21
1614634130665,1614634132584,18
1614634132596,1614634140805,82
1614634140816,1614634144994,31
1614634145004,1614634150407,28
1614634150420,1614634155745,23
1614634155758,1614634157851,15
1614634157862,1614634163994,34
1614634164007,1614634166190,21
1614634166200,1614634170942,33
1614634170955,1614634173602,17
1614634173613,1614634177240,67
1614634177251,1614634181454,17
1614634181466,1614634189804,95
1614634189816,1614634194107,16
1614634194119,1614634196253,18
1614634196263,1614634200142,32
1614634200152,1614634202358,19
1614634202371,1614634206866,25
1614634206878,1614634226541,253
1614634226554,1614634229985,21
1614634229996,1614634235070,24
1614634235083,1614634242041,65
1614634242053,1614634244535,16
1614634244546,1614634248301,18
1614634248313,1614634254936,55
1614634254949,1614634261056,55
1614634261068,1614634265188,35
1614634265197,1614634274376,82
1614634274388,1614634277010,14
1614634277021,1614634284632,88
1614634284643,1614634288066,20
1614634288077,1614634290534,11
1614634290543,1614634293823,27
1614634293833,1614634304016,51
1614634304028,1614634306965,25
1614634306977,1614634311277,21
1614634311289,1614634314722,25
1614634314733,1614634318961,25
1614634318973,1614634322383,35
1614634322394,1614634326973,25
1614634326985,1614634331453,28
1614634331465,1614634335015,29
1614634335027,1614634340448,39
1614634340460,1614634344787,35
1614634344800,1614634349756,22
1614634349768,1614634352011,25
1614634352022,1614634354095,13
1614634354105,1614634361769,29
1614634361780,1614634367069,54
1614634367082,1614634368890,11
1614634368901,1614634370830,10
1614634370841,1614634378380,82
1614634378391,1614634384618,56
1614634384631,1614634387216,32
1614634387227,1614634392356,25
1614634392367,1614634397511,24
1614634397522,1614634427268,132
1614634427280,1614634429591,23
1614634429602,1614634584521,129
1614634584533,1614634587512,15
1614634587524,1614634594677,98
1614634594688,1614634596555,10
1614634596565,1614634600595,23
1614634600608,1614634630384,114
1614634630395,1614634633489,15
1614634633501,1614634637493,38
1614634637506,1614634640174,19
1614634640185,1614634643279,18
1614634643291,1614634645153,21
1614634645164,1614634647111,15
1614634647122,1614634651816,44
1614634651827,1614634657625,34
1614634657638,1614634659882,18
1614634659894,1614634662480,22
1614634662491,1614634673992,128
1614634674005,1614634675962,11
1614634675973,1614634679501,23
1614634679513,1614634695736,167
1614634695749,1614634698093,22
1614634698104,1614634701316,25
1614634701327,1614634703758,24
1614634703769,1614634707406,27
1614634707418,1614634711733,25
1614634711745,1614634716659,29
1614634716670,1614634721200,28
1614634721213,1614634724554,22
1614634724566,1614634729655,48
1614634729667,1614634732082,30
1614634732092,1614634734427,19
1614634734437,1614634737405,15
1614634737415,1614634740017,26
1614634740028,1614634747102,27
1614634747115,1614634751188,13
1614634751200,1614634754423,33
1614634754434,1614634758268,25
1614634758277,1614634763268,21
1614634763281,1614634768033,56
1614634768043,1614634781532,159
1614634781543,1614634783528,10
1614634783538,1614634789104,44
1614634789116,1614634796327,73
1614634796337,1614634805611,122
1614634805624,1614634810029,55
1614634810040,1614634814850,24
1614634814863,1614634818957,27
1614634818968,1614634826507,90
1614634826518,1614634828451,16
1614634828462,1614634832638,46
1614634832647,1614634837356,34
1614634837368,1614634840187,35
1614634840198,1614634845522,55
1614634845534,1614634848506,20
1614634848518,1614634853586,23
1614634853599,1614634856846,26
1614634856857,1614634859582,27
1614634859593,1614634861724,12
1614634861735,1614634864366,33
1614634864377,1614634876256,109
1614634876268,1614634878402,23
1614634878411,1614634890800,26
1614634890813,1614634895050,25
1614634895062,1614634899854,25
1614634899866,1614634901809,16
1614634901821,1614634906814,29
1614634906826,1614634909279,16
1614634909290,1614634911812,23
1614634911823,1614634916390,40
1614634916402,1614634919796,27
1614634919808,1614634924410,35
1614634924421,1614634929542,41
1614634929555,1614634936480,53
1614634936493,1614634941281,30
1614634941292,1614634944677,24
1614634944689,1614634955983,127
1614634955996,1614634964053,71
1614634964065,1614634968512,29
1614634968524,1614634972875,17
1614634972887,1614634979403,53
1614634979416,1614635010698,206
1614635010915,1614635013209,14
1614635013220,1614635018562,37
1614635018575,1614635022612,18
1614635022624,1614635030134,55
1614635030146,1614635033081,33
1614635033092,1614635049442,206
1614635049454,1614635051464,14
1614635051475,1614635055651,17
1614635055663,1614635062073,45
1614635062085,1614635075190,122
1614635075202,1614635077181,23
1614635077192,1614635083090,47
1614635083102,1614635086838,23
1614635086850,1614635093085,29
1614635093098,1614635095022,14
1614635095032,1614635099498,47
1614635099510,1614635104672,45
1614635104684,1614635110943,53
1614635110956,1614635120251,109
1614635120263,1614635122132,19
1614635122143,1614635124196,15
1614635124206,1614635130148,33
1614635130160,1614635132401,17
1614635132412,1614635144864,104
1614635144876,1614635146762,15
1614635146773,1614635154417,76
1614635154430,1614635161268,40
1614635161280,1614635165038,18
1614635165050,1614635170140,36
1614635170152,1614635176556,85
1614635176567,1614635178811,15
1614635178822,1614635181923,37
1614635181933,1614635183608,4
1614635183619,1614635186955,14
1614635186967,1614635190864,46
1614635190875,1614635206897,27
1614635206909,1614635209719,19
1614635209729,1614635211818,15
1614635211828,1614635215240,13
1614635215252,1614635217187,14
1614635217198,1614635220316,28
1614635220328,1614635222362,20
1614635222373,1614635227793,50
1614635227804,1614635230336,30
1614635230347,1614635245082,133
1614635245094,1614635249345,28
1614635249356,1614635252702,39
1614635252712,1614635256994,19
1614635257005,1614635261941,25
1614635261953,1614635265950,29
1614635265962,1614635275618,109
1614635275630,1614635279620,14
1614635279631,1614635284279,37
1614635284292,1614635288479,22
1614635288490,1614635293928,40
1614635293941,1614635298537,26
1614635298549,1614635303250,41
1614635303263,1614635306273,41
1614635306284,1614635309365,24
1614635309375,1614635312330,25
1614635312341,1614635318663,56
1614635318676,1614635324346,27
1614635324358,1614635326257,16
1614635326268,1614635328654,29
1614635328664,1614635334479,64
1614635334491,1614635339680,50
1614635339691,1614635348891,72
1614635348904,1614635352561,35
1614635352572,1614635357125,37
1614635357137,1614635362281,72
1614635362292,1614635368186,46
1614635368199,1614635371989,44
1614635372000,1614635375433,24
1614635375445,1614635379401,37
1614635379412,1614635381689,21
1614635381700,1614635383659,18
1614635383670,1614635387193,24
1614635387205,1614635394621,57
1614635394634,1614635402738,32
1614635402751,1614635425810,46
1614635425820,1614635429773,11
1614635429785,1614635435392,48
1614635435404,1614635438736,35
1614635438747,1614635443075,19
1614635443087,1614635448128,26
1614635448140,1614635450677,28
1614635450688,1614635455253,27
1614635455264,1614635460091,22
1614635460103,1614635461999,13
1614635462009,1614635466911,38
1614635466924,1614635477563,95
1614635477576,1614635481860,16
1614635481871,1614635486215,12
1614635486227,1614635495843,84
1614635495855,1614635504606,90
1614635504618,1614635507362,8
1614635507374,1614635519943,144
1614635519954,1614635522127,21
1614635522137,1614635530528,78
1614635530540,1614635532918,16
1614635532928,1614635537374,23
1614635537387,1614635539537,21
1614635539547,1614635542634,14
1614635542645,1614635546085,41
1614635546095,1614635550815,26
1614635550828,1614635556211,48
1614635556222,1614635558947,19
1614635558957,1614635562318,45
1614635562330,1614635569669,53
1614635569681,1614635573796,17
1614635573807,1614635577891,14
1614635577902,1614635580585,25
1614635580596,1614635586343,31
1614635586356,1614635591495,35
1614635591507,1614635595529,54
1614635595540,1614635613894,211
1614635613906,1614635615734,16
1614635615745,1614635620223,50
1614635620234,1614635623249,32
1614635623259,1614635631079,76
1614635631091,1614635632894,16
1614635632904,1614635635837,8
1614635635849,1614635641538,31
1614635641550,1614635645688,19
1614635645700,1614635648444,9
1614635648455,1614635651416,16
1614635651428,1614635656803,31
1614635656816,1614635659752,11
1614635659764,1614635665234,35
1614635665246,1614635668829,32
1614635668840,1614635673977,42
1614635673988,1614635687387,147
1614635687398,1614635694688,58
1614635694700,1614635696654,20
1614635696664,1614635698551,9
1614635698562,1614635712219,99
1614635712231,1614635717038,31
1614635717050,1614635722266,36
1614635722277,1614635724849,30
1614635724859,1614635733116,77
1614635733130,1614635737674,50
1614635737685,1614635754784,222
1614635754795,1614635758799,26
1614635758810,1614635765706,89
1614635765717,1614635783188,226
1614635783202,1614635785511,16
1614635785521,1614635788657,22
1614635788668,1614635793818,63
1614635793830,1614635798824,40
1614635798836,1614635800846,12
1614635800857,1614635810153,114
1614635810164,1614635813020,10
1614635813031,1614635844508,109
1614635844519,1614635849010,37
1614635849021,1614635852319,29
1614635852330,1614635855850,26
1614635855861,1614635857770,12
1614635857781,1614635863382,63
1614635863392,1614635870222,50
1614635870234,1614635873771,31
1614635873781,1614635884811,126
1614635884822,1614635886854,11
1614635886865,1614635890445,28
1614635890456,1614635895517,33
1614635895530,1614635898088,30
1614635898099,1614635900758,22
1614635900768,1614635903079,22
1614635903090,1614635915802,143
1614635915816,1614635925159,80
1614635925171,1614635929971,30
1614635929984,1614635934729,25
1614635934742,1614635940602,38
1614635940614,1614635948845,101
1614635948856,1614635971483,218
1614635971496,1614635975704,24
1614635975715,1614635980052,36
1614635980063,1614635983792,32
1614635983805,1614635986985,27
1614635986997,1614635990956,24
1614635990968,1614636001597,119
1614636001609,1614636004839,24
1614636004851,1614636018493,239
1614636018504,1614636021774,16
1614636021786,1614636024727,37
1614636024738,1614636030221,70
1614636030232,1614636032370,16
1614636032381,1614636034335,17
1614636034346,1614636036161,11
1614636036173,1614636040869,35
1614636040880,1614636043875,7
1614636043887,1614636049596,39
1614636049608,1614636053070,23
1614636053082,1614636057640,41
1614636057653,1614636063345,22
1614636063358,1614636067350,36
1614636067362,1614636074257,32
1614636074269,1614636079207,43
1614636079220,1614636080845,7
1614636080856,1614636096803,77
1614636096816,1614636103304,19
1614636103317,1614636107055,7
1614636107067,1614636113275,73
1614636113287,1614636120236,65
1614636120248,1614636132974,159
1614636133190,1614636136295,18
1614636136307,1614636139167,31
1614636139177,1614636147741,24
1614636147753,1614636152128,44
1614636152140,1614636155107,19
1614636155121,1614636161205,64
1614636161217,1614636164480,18
1614636164492,1614636167255,23
1614636167266,1614636169474,22
1614636169484,1614636172427,12
1614636172438,1614636176847,44
1614636176857,1614636179921,15
1614636179933,1614636183808,28
1614636183819,1614636188237,37
1614636188248,1614636222332,99
1614636222344,1614636226901,45
1614636226912,1614636231802,22
1614636231815,1614636236862,32
1614636236873,1614636240546,21
1614636240558,1614636243068,20
1614636243078,1614636246129,11
1614636246140,1614636248967,11
1614636248978,1614636261395,79
1614636261407,1614636264521,23
1614636264532,1614636268753,21
1614636268765,1614636280015,115
1614636280027,1614636287694,84
1614636287707,1614636294628,87
1614636294639,1614636298758,22
1614636298770,1614636305134,29
1614636305147,1614636317254,61
1614636317266,1614636321603,17
1614636321614,1614636323611,14
1614636323621,1614636326176,23
1614636326186,1614636330766,22
1614636330777,1614636334694,14
1614636334706,1614636339810,27
1614636339822,1614636352966,152
1614636352978,1614636366996,163
1614636367006,1614636370709,26
1614636370721,1614636377796,92
1614636377808,1614636383140,36
1614636383152,1614636386619,37
1614636386629,1614636391049,38
1614636391061,1614636395625,30
1614636395637,1614636400791,32
1614636400803,1614636406257,49
1614636406267,1614636411168,16
1614636411179,1614636414391,20
1614636414402,1614636417460,13
1614636417471,1614636429176,37
1614636429188,1614636436554,94
1614636436566,1614636441361,35
1614636441373,1614636445770,33
1614636445781,1614636450067,49
1614636450077,1614636454284,20
1614636454297,1614636457782,39
1614636457792,1614636461379,52
1614636461390,1614636464859,18
1614636464872,1614636471125,55
1614636471137,1614636473018,14
1614636473029,1614636476958,51
1614636476969,1614636481489,24
1614636481501,1614636488136,67
1614636488149,1614636493598,25
1614636493610,1614636495640,14
1614636495651,1614636498777,12
1614636498788,1614636503634,16
1614636503646,1614636506888,31
1614636506899,1614636510977,39
1614636510989,1614636516009,25
1614636516021,1614636521597,43
1614636521609,1614636523685,15
1614636523695,1614636526736,19
1614636526747,1614636531925,34
1614636531938,1614636542685,61
1614636542698,1614636564039,30
1614636564049,1614636568973,41
1614636568985,1614636573035,17
1614636573047,1614636575353,26
1614636575363,1614636578356,19
1614636578368,1614636582090,34
1614636582102,1614636584270,14
1614636584280,1614636587090,13
1614636587102,1614636589301,16
1614636589311,1614636594063,27
1614636594075,1614636596916,28
1614636596927,1614636601127,24
1614636601139,1614636603020,14
1614636603032,1614636606005,14
1614636606017,1614636609107,37
1614636609118,1614636614035,46
1614636614047,1614636617422,19
1614636617433,1614636620866,23
1614636620878,1614636623479,31
1614636623489,1614636625675,21
1614636625685,1614636627591,7
1614636627601,1614636636258,72
1614636636271,1614636642119,49
1614636642131,1614636646806,27
1614636646818,1614636651946,32
1614636651958,1614636655386,45
1614636655397,1614636662014,56
1614636662026,1614636666230,37
1614636666242,1614636671530,42
1614636671542,1614636675744,12
1614636675755,1614636679831,32
1614636679842,1614636683371,34
1614636683383,1614636686229,24
1614636686240,1614636693634,50
1614636693646,1614636697099,28
1614636697111,1614636704201,92
1614636704214,1614636708240,43
1614636708251,1614636716889,127
1614636716902,1614636721090,20
1614636721101,1614636724409,16
1614636724421,1614636726803,22
1614636726814,1614636732793,53
1614636732804,1614636737059,29
1614636737070,1614636741971,21
1614636741984,1614636746146,27
1614636746197,1614636749856,24
1614636749867,1614636754902,45
1614636754914,1614636758000,9
1614636758012,1614636767873,137
1614636767885,1614636771397,42
1614636771410,1614636774956,40
1614636774967,1614636780881,43
1614636780893,1614636790528,69
1614636790541,1614636796039,36
1614636796050,1614636800516,12
1614636801874,1614636805956,28
1614636805967,1614636812656,33
1614636812668,1614636816924,44
1614636816934,1614636859637,124
1614636859649,1614636861697,16
1614636861708,1614636864540,27
1614636864551,1614636867662,22
1614636867673,1614636869852,13
1614636869863,1614636878459,123
1614636878468,1614636882461,27
1614636882472,1614636887418,38
1614636887430,1614636895762,74
1614636895774,1614636898959,32
1614636898970,1614636903056,20
1614636903068,1614636907440,61
1614636907451,1614636916023,69
1614636916034,1614636918231,12
1614636918240,1614636924314,45
1614636924326,1614636931752,76
1614636931764,1614636935543,24
1614636935554,1614636940090,20
1614636940102,1614636950071,88
1614636950084,1614636955568,35
1614636955580,1614636977210,218
1614636977221,1614636980216,37
1614636980226,1614636986645,63
1614636986656,1614636989433,35
1614636989444,1614636993988,25
1614636994000,1614636997256,32
1614636997265,1614637001445,35
1614637001457,1614637005546,20
1614637005557,1614637007743,19
1614637007753,1614637012478,19
1614637012490,1614637016625,15
1614637016636,1614637019002,17
1614637019013,1614637023024,24
1614637023036,1614637036057,114
1614637036070,1614637041261,35
1614637041272,1614637043795,33
1614637043806,1614637045830,14
1614637045838,1614637051790,74
1614637051801,1614637057361,40
1614637057372,1614637063147,42
1614637063160,1614637067122,22
1614637067135,1614637069161,7
1614637069170,1614637076749,61
1614637076761,1614637081054,19
1614637081066,1614637085976,48
1614637085987,1614637088333,22
1614637088344,1614637095430,77
1614637095441,1614637099290,39
1614637099300,1614637110738,124
1614637110751,1614637118267,77
1614637118279,1614637120602,19
1614637120611,1614637126050,61
1614637126060,1614637130633,42
1614637130644,1614637132688,20
1614637132699,1614637141639,88
1614637141652,1614637143723,14
1614637143733,1614637146401,30
1614637146413,1614637152364,35
1614637152376,1614637155663,32
1614637155674,1614637162508,57
1614637162520,1614637172227,164
1614637172238,1614637176635,24
1614637176647,1614637181528,37
1614637181540,1614637188797,70
1614637188809,1614637196378,67
1614637196391,1614637202689,24
1614637202702,1614637236300,51
1614637236311,1614637241434,38
1614637241445,1614637244631,20
1614637244643,1614637249339,54
1614637249350,1614637251595,19
1614637251604,1614637256064,49
1614637256073,1614637263838,56
1614637263849,1614637268488,29
1614637268499,1614637270534,14
1614637270545,1614637282817,90
1614637282829,1614637285811,29
1614637285822,1614637289976,22
1614637289988,1614637295445,44
1614637295458,1614637299050,14
1614637299062,1614637304532,31
1614637304545,1614637309086,23
1614637309099,1614637313555,19
1614637313567,1614637324008,55
1614637324020,1614637330213,50
1614637330226,1614637335636,59
1614637335647,1614637339746,42
1614637339756,1614637342260,32
1614637342271,1614637344567,17
1614637344578,1614637348106,24
1614637348116,1614637354266,91
1614637354277,1614637357264,24
1614637357274,1614637367535,96
1614637367548,1614637370174,32
1614637370185,1614637374833,25
1614637374845,1614637378067,29
1614637378078,1614637383468,25
1614637383481,1614637385096,4
1614637385107,1614637391164,38
1614637391176,1614637399007,84
1614637399018,1614637403121,28
1614637403133,1614637407196,39
1614637407207,1614637411574,42
1614637411585,1614637417037,48
1614637417048,1614637422993,42
1614637423005,1614637429287,52
1614637429299,1614637435675,52
1614637435688,1614637437986,13
1614637437997,1614637440948,38
1614637440959,1614637445031,25
1614637445042,1614637454168,77
1614637454181,1614637457542,48
1614637457553,1614637463209,58
1614637463235,1614637470983,114
1614637470994,1614637477020,64
1614637477032,1614637483719,64
1614637483731,1614637486767,18
1614637486778,1614637488889,7
1614637488902,1614637493846,53
1614637493858,1614637503828,123
1614637503839,1614637506716,16
1614637506728,1614637508943,17
1614637508955,1614637514030,24
1614637514042,1614637517069,27
1614637517079,1614637518910,12
1614637518920,1614637520823,14
1614637520833,1614637525215,30
1614637525225,1614637527483,21
1614637527494,1614637545202,142
1614637545215,1614637551978,51
1614637551990,1614637566472,86
1614637566484,1614637571968,39
1614637571980,1614637576156,46
1614637576167,1614637580546,20
1614637580558,1614637597187,213
1614637597199,1614637600316,28
