1614633024204,1614633028784,14
1614633028797,1614633033197,28
1614633033210,1614633036301,14
1614633036314,1614633040726,26
1614633040739,1614633049878,92
1614633049891,1614633054668,25
1614633054680,1614633059338,19
1614633059351,1614633064273,38
1614633064286,1614633068254,33
1614633068267,1614633073363,26
1614633073377,1614633076338,18
1614633076350,1614633080740,18
1614633080752,1614633090447,72
1614633090662,1614633096513,46
1614633096526,1614633102856,44
1614633102869,1614633115679,110
1614633115692,1614633128056,105
1614633128069,1614633132563,23
1614633132575,1614633138046,37
1614633138059,1614633147061,62
1614633147073,1614633155637,49
1614633155650,1614633160725,53
1614633160737,1614633165216,24
1614633165229,1614633170644,35
1614633170656,1614633173577,15
1614633173589,1614633178983,36
1614633178995,1614633188629,91
1614633188642,1614633195674,50
1614633195687,1614633200455,18
1614633200467,1614633204801,14
1614633204813,1614633209123,30
1614633209135,1614633221685,150
1614633221698,1614633229531,41
1614633229544,1614633237747,79
1614633237760,1614633243150,41
1614633243163,1614633252157,97
1614633252170,1614633264523,137
1614633264536,1614633284691,208
1614633284703,1614633289075,22
1614633289087,1614633295888,55
1614633295901,1614633300155,23
1614633300167,1614633305111,33
1614633305124,1614633312111,70
1614633312124,1614633315077,12
1614633315089,1614633319905,31
1614633319918,1614633323921,13
1614633323933,1614633328240,17
1614633328252,1614633336580,65
1614633336593,1614633343581,77
1614633343594,1614633349349,28
1614633349361,1614633354965,29
1614633354978,1614633357079,14
1614633357090,1614633366718,81
1614633366731,1614633376972,57
1614633376985,1614633382095,23
1614633382107,1614633392593,109
1614633392606,1614633405832,151
1614633405846,1614633411342,26
1614633411355,1614633417298,54
1614633417311,1614633421634,17
1614633421645,1614633432958,91
1614633432971,1614633438545,41
1614633438558,1614633463010,9
1614633463023,1614633467843,30
1614633467856,1614633477892,96
1614633477904,1614633482901,25
1614633482913,1614633489108,30
1614633489121,1614633494093,48
1614633494105,1614633499207,31
1614633499219,1614633504734,44
1614633504747,1614633510352,36
1614633510365,1614633514190,12
1614633514202,1614633525028,91
1614633525042,1614633533648,43
1614633533661,1614633542967,68
1614633542980,1614633548990,54
1614633549003,1614633554476,26
1614633554489,1614633562902,40
1614633562918,1614633571181,82
1614633571194,1614633581479,85
1614633581492,1614633586011,32
1614633586023,1614633590427,24
1614633590440,1614633605559,127
1614633605572,1614633617668,101
1614633617681,1614633628197,81
1614633628210,1614633649091,208
1614633649104,1614633656661,53
1614633656674,1614633661889,28
1614633661901,1614633666827,26
1614633666840,1614633673059,44
1614633673072,1614633677629,30
1614633677640,1614633694806,169
1614633694819,1614633699641,27
1614633699654,1614633709633,79
1614633709646,1614633715575,42
1614633715587,1614633724105,100
1614633724117,1614633728679,22
1614633728691,1614633736697,51
1614633736709,1614633742204,29
1614633742216,1614633747084,31
1614633747096,1614633751733,25
1614633751746,1614633763383,111
1614633763396,1614633768132,22
1614633768145,1614633778635,107
1614633778648,1614633783901,33
1614633783914,1614633789637,49
1614633789648,1614633798307,83
1614633798319,1614633803617,33
1614633803629,1614633808396,29
1614633808408,1614633813831,38
1614633813843,1614633817914,18
1614633817926,1614633833083,141
1614633833096,1614633843440,93
1614633843450,1614633848819,32
1614633848831,1614633855834,47
1614633855846,1614633863533,62
1614633863546,1614633884474,184
1614633884487,1614633891493,52
1614633891506,1614633897674,66
1614633897684,1614633902856,33
1614633902869,1614633908554,32
1614633908566,1614633919440,36
1614633919453,1614633923949,20
1614633923962,1614633929600,29
1614633929613,1614633934270,24
1614633934282,1614633937388,24
1614633937401,1614633946576,82
1614633946589,1614633951642,25
1614633951654,1614633956214,21
1614633956226,1614633967507,96
1614633967520,1614633973688,50
1614633973701,1614633977173,21
1614633977184,1614633989436,154
1614633989449,1614634005057,139
1614634005070,1614634011145,48
1614634011158,1614634015261,31
1614634015274,1614634025733,97
1614634025746,1614634031124,25
1614634031136,1614634037254,33
1614634037267,1614634042305,31
1614634042318,1614634050024,75
1614634050037,1614634061628,62
1614634061641,1614634066287,28
1614634066300,1614634073367,66
1614634073380,1614634076503,12
1614634076515,1614634080496,21
1614634080509,1614634085628,25
1614634085640,1614634094827,86
1614634094840,1614634106272,74
1614634106285,1614634110909,19
1614634110921,1614634132789,221
1614634132802,1614634137994,37
1614634138006,1614634142384,24
1614634142395,1614634148062,45
1614634148073,1614634154068,57
1614634154081,1614634165086,76
1614634165098,1614634168875,28
1614634168887,1614634173109,15
1614634173122,1614634177465,29
1614634177477,1614634183709,45
1614634183722,1614634195997,95
1614634196010,1614634203866,66
1614634203879,1614634208316,17
1614634208328,1614634211474,20
1614634211486,1614634215256,29
1614634215267,1614634220580,23
1614634220593,1614634225004,32
1614634225017,1614634227753,8
1614634227766,1614634239812,109
1614634239825,1614634244087,22
1614634244099,1614634248968,34
1614634248980,1614634256400,64
1614634256414,1614634260617,23
1614634260628,1614634265026,35
1614634265038,1614634269386,26
1614634269398,1614634274336,28
1614634274349,1614634287453,147
1614634287466,1614634300774,120
1614634300787,1614634306353,35
1614634306365,1614634310517,17
1614634310529,1614634319898,63
1614634319911,1614634327658,60
1614634327671,1614634339003,110
1614634339017,1614634347659,46
1614634347672,1614634370595,138
1614634370608,1614634381542,47
1614634381555,1614634384810,8
1614634384821,1614634408679,49
1614634408693,1614634426051,193
1614634426065,1614634434203,75
1614634434215,1614634438942,22
1614634438957,1614634445784,45
1614634445797,1614634451522,27
1614634451534,1614634458356,30
1614634458369,1614634463787,37
1614634463799,1614634470866,54
1614634470879,1614634476552,34
1614634476564,1614634478672,24
1614634478682,1614634483792,39
1614634483804,1614634488882,23
1614634488895,1614634498240,79
1614634498252,1614634507452,42
1614634507464,1614634536991,80
1614634537004,1614634541498,23
1614634541510,1614634552776,113
1614634552788,1614634558286,35
1614634558298,1614634561302,13
1614634561314,1614634567561,36
1614634567573,1614634574588,63
1614634574601,1614634579417,33
1614634579430,1614634584234,22
1614634584246,1614634589576,59
1614634589589,1614634609693,210
1614634609706,1614634614779,26
1614634614791,1614634620038,28
1614634620051,1614634625584,38
1614634625596,1614634646970,209
1614634646983,1614634655114,66
1614634655126,1614634659230,14
1614634659242,1614634663645,23
1614634663657,1614634668016,15
1614634668028,1614634672016,20
1614634672029,1614634676317,28
1614634676329,1614634681965,40
1614634681978,1614634691803,49
1614634691816,1614634698223,37
1614634698236,1614634718673,186
1614634718686,1614634724027,33
1614634724040,1614634734001,95
1614634734013,1614634739127,35
1614634739139,1614634744479,46
1614634744491,1614634751307,47
1614634751320,1614634759744,54
1614634759757,1614634768906,48
1614634768918,1614634774425,26
1614634774437,1614634789096,135
1614634789109,1614634799298,46
1614634799310,1614634807104,54
1614634807117,1614634815675,52
1614634815688,1614634821079,35
1614634821091,1614634854165,95
1614634854178,1614634858456,21
1614634858468,1614634860470,14
1614634860481,1614634866002,36
1614634866014,1614634873323,61
1614634873335,1614634878259,33
1614634878271,1614634883999,40
1614634884012,1614634893574,64
1614634893586,1614634898856,33
1614634898868,1614634910535,99
1614634910548,1614634916990,41
1614634917003,1614634924040,46
1614634924053,1614634929204,23
1614634929216,1614634939926,95
1614634939939,1614634944869,29
1614634944881,1614634952149,50
1614634952163,1614634957642,41
1614634957654,1614634982113,226
1614634982126,1614634995696,109
1614634995709,1614635006653,91
1614635006665,1614635015633,62
1614635015645,1614635020331,26
1614635020343,1614635029012,49
1614635029025,1614635036215,50
1614635036228,1614635042801,38
1614635042814,1614635048460,40
1614635048472,1614635052943,31
1614635052956,1614635057475,20
1614635057487,1614635065134,59
1614635065147,1614635070085,30
1614635070096,1614635078009,63
1614635078021,1614635083214,29
1614635083225,1614635086296,23
1614635086308,1614635095474,63
1614635095487,1614635110285,153
1614635110297,1614635115043,25
1614635115055,1614635125481,77
1614635125493,1614635131276,39
1614635131289,1614635136413,44
1614635136426,1614635147564,111
1614635147577,1614635153038,38
1614635153050,1614635157611,16
1614635157625,1614635177449,208
1614635177462,1614635182293,33
1614635182305,1614635188928,62
1614635188941,1614635193305,25
1614635193317,1614635197924,21
1614635197937,1614635203248,29
1614635203259,1614635207693,14
1614635207706,1614635214080,51
1614635214093,1614635216898,14
1614635216909,1614635231120,135
1614635231132,1614635235222,16
1614635235233,1614635242024,52
1614635242037,1614635248826,29
1614635248839,1614635256407,38
1614635256419,1614635269244,131
1614635269257,1614635273848,17
1614635273861,1614635285379,112
1614635285392,1614635289985,16
1614635289998,1614635297662,61
1614635297676,1614635308561,64
1614635308573,1614635325446,133
1614635325462,1614635336496,89
1614635336509,1614635399513,226
1614635399527,1614635409775,88
1614635409788,1614635414885,23
1614635414897,1614635421567,57
1614635421579,1614635426438,20
1614635426450,1614635431192,22
1614635431205,1614635435610,28
1614635435622,1614635447626,137
1614635447638,1614635451996,13
1614635452009,1614635465371,110
1614635465384,1614635469952,28
1614635469964,1614635499100,159
1614635499113,1614635503215,15
1614635503227,1614635511507,74
1614635511520,1614635515352,31
1614635515364,1614635521208,51
1614635521220,1614635528195,59
1614635528209,1614635534790,47
1614635534803,1614635539188,12
1614635539200,1614635545113,35
1614635545126,1614635552022,46
1614635552034,1614635556057,20
1614635556069,1614635562912,40
1614635562925,1614635570012,42
1614635570025,1614635575210,27
1614635575223,1614635581141,42
1614635581154,1614635607776,14
1614635607789,1614635614362,30
1614635614374,1614635624435,103
1614635624447,1614635653808,164
1614635653821,1614635658103,22
1614635658114,1614635662292,15
1614635662304,1614635670133,61
1614635670146,1614635682683,128
1614635682696,1614635688133,33
1614635688145,1614635697037,77
1614635697048,1614635704128,48
1614635704141,1614635712221,61
1614635712234,1614635715799,18
1614635715811,1614635725856,83
1614635725869,1614635733118,34
1614635733142,1614635744855,48
1614635744868,1614635749336,22
1614635749348,1614635753985,23
1614635753997,1614635760744,19
1614635760757,1614635769237,62
1614635769250,1614635774419,24
1614635774431,1614635785915,126
1614635785927,1614635790136,25
1614635790148,1614635798418,55
1614635798431,1614635804466,44
1614635804479,1614635809165,17
1614635809177,1614635815972,26
1614635815985,1614635820095,20
1614635820107,1614635826824,54
1614635826837,1614635841884,88
1614635841896,1614635846236,14
1614635846248,1614635857532,102
1614635857545,1614635865042,68
1614635865056,1614635870790,30
1614635870803,1614635876065,31
1614635876079,1614635881693,36
1614635881706,1614635890171,91
1614635890183,1614635895257,32
1614635895269,1614635897297,14
1614635897309,1614635904531,83
1614635904543,1614635909716,33
1614635909729,1614635912641,12
1614635912653,1614635929461,145
1614635929474,1614635934304,40
1614635934316,1614635951349,168
1614635951362,1614635955574,18
1614635955586,1614635959739,29
1614635959750,1614635966929,48
1614635966941,1614635975113,59
1614635975151,1614635981378,45
1614635981390,1614635989873,58
1614635989886,1614635995731,38
1614635995743,1614636003204,47
1614636003217,1614636010984,44
1614636010998,1614636015614,23
1614636015626,1614636022343,48
1614636022355,1614636034302,130
1614636034314,1614636042369,71
1614636042381,1614636052045,104
1614636052058,1614636060600,76
1614636060612,1614636067254,46
1614636067267,1614636077177,86
1614636077190,1614636081703,23
1614636081716,1614636091275,61
1614636091287,1614636098167,48
1614636098179,1614636101306,20
1614636101317,1614636108050,44
1614636108063,1614636109974,15
1614636109984,1614636111761,9
1614636111771,1614636114858,17
1614636114870,1614636129594,138
1614636129607,1614636135324,42
1614636135336,1614636141398,41
1614636141411,1614636145856,20
1614636145868,1614636159509,79
1614636159522,1614636168653,17
1614636168665,1614636178168,18
1614636178181,1614636184980,17
1614636184991,1614636193838,14
1614636193850,1614636200673,32
1614636200685,1614636207093,46
1614636207104,1614636210972,32
1614636210985,1614636219893,94
1614636219906,1614636225040,20
1614636225052,1614636229437,17
1614636229450,1614636234143,24
1614636234155,1614636246778,63
1614636246791,1614636259591,109
1614636259604,1614636273073,121
1614636273085,1614636283963,113
1614636283976,1614636289524,48
1614636289536,1614636296088,67
1614636296101,1614636337687,90
1614636337701,1614636343675,35
1614636343688,1614636350202,31
1614636350215,1614636354698,25
1614636354711,1614636368260,139
1614636368272,1614636383090,117
1614636383103,1614636386097,19
1614636386109,1614636394756,78
1614636394769,1614636404653,83
1614636404666,1614636409943,36
1614636409955,1614636415238,35
1614636415250,1614636425115,106
1614636425128,1614636429308,20
1614636429320,1614636450014,233
1614636450027,1614636453804,41
1614636453815,1614636464140,66
1614636464153,1614636470364,40
1614636470377,1614636472274,16
1614636472285,1614636476773,24
1614636476786,1614636516512,1
1614636516525,1614636524595,71
1614636524607,1614636530014,24
1614636530025,1614636572232,193
1614636572245,1614636577201,31
1614636577213,1614636592063,159
1614636592075,1614636615736,233
1614636615749,1614636626985,97
1614636626998,1614636631457,21
1614636631469,1614636642799,83
1614636642812,1614636653303,105
1614636653315,1614636658760,31
1614636658773,1614636661744,16
1614636661756,1614636670132,67
1614636670145,1614636681137,97
1614636681150,1614636684182,15
1614636684194,1614636688569,12
1614636688581,1614636692482,24
1614636692494,1614636698513,39
1614636698526,1614636701450,14
1614636701461,1614636715243,113
1614636715256,1614636722308,47
1614636722321,1614636725580,30
1614636725591,1614636731720,30
1614636731733,1614636737174,39
1614636737187,1614636754952,183
1614636754964,1614636763911,82
1614636763924,1614636770110,31
1614636770122,1614636774861,9
1614636774873,1614636784105,78
1614636784118,1614636790839,45
1614636790851,1614636796313,40
1614636796325,1614636800563,23
1614636801848,1614636821269,104
1614636821282,1614636828404,53
1614636828417,1614636834678,43
1614636834691,1614636837514,16
1614636837526,1614636842639,36
1614636842651,1614636859864,151
1614636859878,1614636865715,38
1614636865728,1614636871968,48
1614636871981,1614636880363,48
1614636880376,1614636885182,31
1614636885194,1614636889483,25
1614636889496,1614636894847,34
1614636894859,1614636901193,41
1614636901204,1614636906854,34
1614636906867,1614636915557,80
1614636915570,1614636941465,34
1614636941478,1614636945960,25
1614636945972,1614636951490,35
1614636951503,1614636958417,45
1614636958429,1614636963021,21
1614636963032,1614636967923,22
1614636967936,1614636988500,172
1614636988513,1614637007813,186
1614637007826,1614637010820,14
1614637010832,1614637017803,50
1614637017816,1614637025251,64
1614637025264,1614637041153,147
1614637041165,1614637044970,27
1614637044982,1614637054485,63
1614637054498,1614637059753,36
1614637059766,1614637064976,39
1614637064988,1614637069218,16
1614637069230,1614637073533,35
1614637073545,1614637077715,22
1614637077932,1614637089751,123
1614637089763,1614637098303,64
1614637098315,1614637105281,48
1614637105294,1614637108413,14
1614637108424,1614637119071,100
1614637119084,1614637124314,33
1614637124327,1614637129078,22
1614637129090,1614637139989,87
1614637140002,1614637144416,25
1614637144428,1614637149255,20
1614637149267,1614637156680,64
1614637156693,1614637161412,17
1614637161429,1614637168133,44
1614637168145,1614637174378,42
1614637174391,1614637201098,248
1614637201112,1614637206014,19
1614637206027,1614637212352,46
1614637212365,1614637240613,230
1614637240626,1614637242656,17
1614637242667,1614637249963,48
1614637249975,1614637261832,105
1614637261845,1614637277968,75
1614637277981,1614637283846,47
1614637283858,1614637287554,19
1614637287567,1614637291529,16
1614637291542,1614637299800,67
1614637299813,1614637303981,17
1614637303993,1614637319487,68
1614637319499,1614637323343,29
1614637323354,1614637331410,67
1614637331423,1614637335699,19
1614637335711,1614637353185,154
1614637353198,1614637361064,63
1614637361077,1614637368125,70
1614637368137,1614637372503,26
1614637372515,1614637382869,81
1614637382882,1614637386622,10
1614637386634,1614637401323,133
1614637401336,1614637405734,24
1614637405747,1614637415158,67
1614637415171,1614637420627,38
1614637420639,1614637425787,25
1614637425800,1614637430791,33
1614637430803,1614637445328,136
1614637445341,1614637450540,29
1614637450553,1614637455295,31
1614637455308,1614637462809,47
1614637462822,1614637477595,125
1614637477608,1614637479666,22
1614637479676,1614637483724,30
1614637483734,1614637488284,29
1614637488499,1614637493764,31
1614637493777,1614637503521,52
1614637503533,1614637508221,28
1614637508234,1614637513762,13
1614637513775,1614637523077,92
1614637523090,1614637527106,18
1614637527118,1614637534570,56
1614637534582,1614637539686,25
1614637539699,1614637544541,21
1614637544553,1614637548499,21
1614637548511,1614637560961,103
1614637560973,1614637566854,41
1614637566866,1614637572747,27
1614637572759,1614637592566,203
1614637592579,1614637628252,86
1614637628265,1614637630941,9
1614637630953,1614637637970,49
1614637637983,1614637641890,12
1614637641902,1614637645996,14
1614637646008,1614637653344,79
1614637653358,1614637658095,23
1614637658107,1614637662014,12
1614637662026,1614637681561,241
1614637681573,1614637683661,16
1614637683671,1614637696261,128
1614637696273,1614637702496,52
1614637702511,1614637713286,99
1614637713298,1614637718438,36
1614637718451,1614637725032,39
1614637725044,1614637743789,179
1614637743801,1614637764833,230
1614637764845,1614637788274,230
1614637788287,1614637794677,43
1614637794688,1614637798879,15
1614637798892,1614637827279,9
1614637827291,1614637836116,75
1614637836129,1614637841360,29
1614637841373,1614637845835,16
1614637845847,1614637864511,186
1614637864523,1614637873321,54
1614637873334,1614637887390,122
1614637887403,1614637893013,40
1614637893025,1614637901853,70
1614637901865,1614637906976,26
1614637906989,1614637942398,113
1614637942413,1614637949321,57
1614637949334,1614637980398,131
1614637980410,1614637987554,47
1614637987567,1614638004934,36
1614638004947,1614638016378,38
1614638016391,1614638047780,78
1614638047793,1614638052819,56
1614638052831,1614638058409,34
1614638058422,1614638061389,25
1614638061400,1614638069501,52
1614638069514,1614638078638,68
1614638078650,1614638089249,63
1614638089262,1614638093994,36
1614638094006,1614638107542,67
1614638108271,1614638156479,71
1614638156494,1614638163126,39
1614638163139,1614638173629,85
1614638173737,1614638185435,67
1614638185447,1614638189680,19
1614638189691,1614638194110,21
1614638194123,1614638198902,29
1614638198914,1614638214598,150
1614638214611,1614638222264,58
1614638222280,1614638228635,48
1614638228649,1614638233342,27
1614638233354,1614638239420,40
1614638239433,1614638285410,250
1614638285424,1614638291480,44
1614638291493,1614638298627,45
1614638299384,1614638303747,21
1614638303764,1614638311498,38
1614638311511,1614638315725,23
1614638315737,1614638318627,19
1614638318638,1614638326329,50
1614638326342,1614638332479,44
1614638332491,1614638352215,200
1614638352228,1614638360455,39
1614638360469,1614638369614,44
1614638369626,1614638376751,62
1614638376764,1614638382931,40
1614638382944,1614638385797,13
1614638385808,1614638402296,130
1614638402309,1614638406161,13
1614638406173,1614638412363,41
1614638412375,1614638417312,25
1614638417325,1614638425100,25
1614638425115,1614638429980,22
1614638429991,1614638435097,23
1614638435113,1614638440758,32
1614638440770,1614638443150,15
1614638443161,1614638447405,25
1614638447545,1614638454333,36
1614638454346,1614638458148,13
1614638458161,1614638464171,47
1614638464183,1614638469001,23
1614638469014,1614638476449,46
1614638476462,1614638485548,42
1614638485561,1614638497166,101
1614638497177,1614638508244,94
1614638508257,1614638513105,22
1614638513117,1614638517937,35
1614638517950,1614638524011,58
1614638524024,1614638535355,103
1614638535368,1614638541818,63
1614638541831,1614638545851,14
1614638545863,1614638551442,28
1614638551455,1614638556690,24
1614638556702,1614638561327,21
1614638561339,1614638566195,24
1614638566207,1614638573718,44
1614638573730,1614638577579,30
1614638577591,1614638582023,22
1614638582106,1614638586331,25
1614638586343,1614638591637,35
1614638591649,1614638607414,150
1614638607427,1614638617592,44
1614638617604,1614638621941,18
1614638621953,1614638626028,20
1614638626040,1614638638806,106
1614638638818,1614638648655,81
1614638648668,1614638653216,23
1614638653232,1614638658632,39
1614638658644,1614638666476,63
1614638666489,1614638672622,43
1614638672634,1614638677855,28
1614638677867,1614638682345,18
1614638682357,1614638685357,18
1614638685368,1614638690157,13
1614638690170,1614638692188,14
1614638692199,1614638697581,43
1614638697593,1614638702051,39
1614638702062,1614638719031,153
1614638719043,1614638723391,24
1614638723402,1614638728093,16
1614638728105,1614638744667,179
1614638744681,1614638749610,40
1614638749622,1614638759013,69
1614638759026,1614638763717,25
1614638763729,1614638771674,57
1614638771687,1614638775711,18
1614638775722,1614638780588,27
1614638780600,1614638784669,15
1614638784681,1614638795337,93
1614638795350,1614638800729,34
1614638800740,1614638803798,18
1614638803809,1614638808240,22
1614638808252,1614638816388,61
1614638816400,1614638824370,83
1614638824382,1614638827129,14
1614638827141,1614638832651,39
1614638832663,1614638835601,15
1614638835613,1614638843348,51
1614638843360,1614638847744,28
1614638847756,1614638852180,30
1614638852192,1614638870885,154
1614638870898,1614638899271,223
1614638899291,1614638907242,32
1614638907253,1614638912114,33
1614638912128,1614638918881,28
1614638918893,1614638924763,50
1614638924777,1614638929524,19
1614638929537,1614638943066,100
1614638943079,1614638948569,31
1614638948582,1614638952960,26
1614638952972,1614638958534,27
1614638958546,1614639000712,221
1614639000725,1614639003514,28
1614639003526,1614639008363,28
1614639009976,1614639013102,14
1614639013115,1614639024601,20
1614639024612,1614639027591,18
1614639027603,1614639046064,185
1614639046078,1614639055773,91
1614639055786,1614639079197,210
1614639079210,1614639095287,140
1614639095299,1614639110673,162
1614639110686,1614639115833,31
1614639115845,1614639117794,12
1614639117805,1614639125529,82
1614639125542,1614639129886,19
1614639129897,1614639142330,71
1614639142343,1614639144448,21
1614639144459,1614639151136,43
1614639151149,1614639163469,116
1614639163482,1614639168580,38
1614639168608,1614639173750,23
1614639173762,1614639178648,28
1614639178660,1614639183590,32
1614639183603,1614639189312,34
1614639189324,1614639192391,21
1614639192403,1614639196973,24
1614639196985,1614639205824,93
1614639205837,1614639209987,22
1614639209998,1614639214214,21
1614639214226,1614639219384,26
1614639219396,1614639223951,18
1614639223964,1614639236876,118
1614639236889,1614639243297,34
1614639243309,1614639249034,35
1614639249046,1614639256234,49
1614639256247,1614639271088,153
1614639271102,1614639276028,32
1614639276040,1614639279007,19
1614639279019,1614639293727,172
1614639293739,1614639297805,19
1614639297818,1614639303608,36
1614639303621,1614639308097,24
1614639308109,1614639316892,88
1614639316905,1614639334156,181
1614639334169,1614639339027,24
1614639339040,1614639345795,49
1614639345807,1614639356030,84
1614639356042,1614639366015,97
1614639366028,1614639382155,153
1614639382167,1614639393610,107
1614639393623,1614639398950,31
1614639398965,1614639405521,51
1614639405533,1614639410904,34
1614639410917,1614639416222,32
1614639416234,1614639422376,47
1614639422389,1614639432082,96
1614639432095,1614639438081,32
1614639438094,1614639447468,84
1614639447481,1614639452611,33
1614639452623,1614639457393,26
1614639457405,1614639464313,40
1614639464326,1614639470969,55
1614639470982,1614639482817,58
1614639482829,1614639490150,45
1614639490162,1614639495130,32
1614639495142,1614639501597,46
1614639501610,1614639515455,117
1614639515467,1614639521297,42
1614639521308,1614639532936,106
1614639532949,1614639536091,19
1614639536102,1614639539868,27
1614639539880,1614639543976,17
1614639543987,1614639548878,31
1614639548891,1614639554495,44
1614639554507,1614639558381,17
1614639558393,1614639567137,73
1614639567150,1614639575194,65
1614639575206,1614639595752,116
1614639595764,1614639608258,107
1614639608270,1614639618372,87
1614639618385,1614639629185,88
1614639629197,1614639634601,30
1614639634613,1614639641160,49
1614639641173,1614639648369,38
1614639648382,1614639652975,23
1614639652987,1614639657450,19
1614639657463,1614639670100,97
1614639670113,1614639674915,29
1614639674928,1614639680007,25
1614639680020,1614639687793,52
1614639687806,1614639692352,21
1614639692364,1614639695309,13
1614639695321,1614639700174,37
1614639700186,1614639704868,33
1614639704880,1614639726697,132
1614639726710,1614639729815,22
1614639729827,1614639733718,28
1614639733730,1614639740197,47
1614639740210,1614639746506,59
1614639746519,1614639750590,11
1614639750602,1614639796014,170
1614639796027,1614639805960,75
1614639805973,1614639813852,56
1614639813864,1614639819046,29
1614639819058,1614639827232,75
1614639827245,1614639831440,19
1614639831452,1614639836922,25
1614639836935,1614639841331,22
1614639841343,1614639845527,24
1614639845539,1614639853319,58
1614639853340,1614639858068,27
1614639858081,1614639866390,57
1614639866402,1614639874221,60
1614639874234,1614639894769,105
1614639894781,1614639899231,18
1614639899243,1614639933130,59
1614639933144,1614639937535,19
1614639937547,1614639944881,30
1614639944894,1614639950741,25
1614639950754,1614639956687,26
1614639956699,1614639959924,15
1614639959936,1614639967855,57
1614639967867,1614639989148,208
1614639989160,1614640006845,150
1614640006859,1614640012743,55
1614640012755,1614640021844,118
1614640021856,1614640030776,70
1614640030788,1614640034424,29
1614640034436,1614640041748,65
1614640041761,1614640046808,48
1614640046820,1614640058612,104
1614640058625,1614640070087,85
1614640070101,1614640078734,73
1614640078747,1614640085858,59
1614640085871,1614640098598,123
1614640098610,1614640104472,51
1614640104485,1614640107914,32
1614640107925,1614640113106,36
1614640113118,1614640121595,29
1614640121608,1614640130604,72
1614640130617,1614640139032,49
1614640139045,1614640145991,36
1614640147460,1614640153406,35
1614640153419,1614640157837,32
1614640157849,1614640163490,36
1614640163503,1614640169733,42
1614640169745,1614640175354,33
1614640175366,1614640177224,14
1614640177235,1614640182228,33
1614640182240,1614640186591,21
1614640186603,1614640192867,30
1614640192880,1614640199653,34
1614640199666,1614640219485,208
1614640219498,1614640224300,28
1614640224313,1614640228625,19
1614640228637,1614640240645,98
1614640240657,1614640244438,10
1614640244450,1614640247260,21
1614640247271,1614640250976,10
1614640250988,1614640256047,22
1614640256060,1614640261194,23
1614640261206,1614640266621,31
1614640266633,1614640271506,42
1614640271518,1614640277328,42
1614640277341,1614640287553,92
1614640287566,1614640292852,34
1614640292864,1614640302528,72
1614640302541,1614640308830,50
1614640308843,1614640313727,23
1614640313739,1614640317899,17
1614640317911,1614640326837,70
1614640326849,1614640338570,85
1614640338583,1614640346403,73
1614640346415,1614640351874,41
1614640353478,1614640357839,12
1614640357851,1614640362095,27
1614640362106,1614640372758,89
1614640372771,1614640379503,40
1614640379533,1614640384069,42
1614640384082,1614640388737,25
1614640388750,1614640393789,24
1614640393801,1614640398928,30
1614640398941,1614640403275,19
1614640403286,1614640407926,24
1614640407939,1614640412740,18
1614640412752,1614640418140,28
1614640418152,1614640423985,37
1614640423997,1614640426087,18
1614640426099,1614640431897,42
1614640431909,1614640437759,50
1614640437771,1614640442631,22
1614640442643,1614640450289,68
1614640450302,1614640456189,30
1614640456202,1614640460573,18
1614640460585,1614640469548,37
1614640469560,1614640473551,13
1614640473562,1614640486202,108
1614640486214,1614640491493,18
1614640491505,1614640496323,22
1614640496335,1614640507993,92
1614640508006,1614640513550,38
1614640513561,1614640519898,29
1614640519910,1614640523008,20
1614640523019,1614640527222,21
1614640527234,1614640533655,35
1614640533668,1614640539262,37
1614640539274,1614640544778,36
1614640544790,1614640557365,108
1614640557377,1614640576970,206
1614640576982,1614640584508,50
1614640584520,1614640593359,82
1614640593371,1614640598328,26
1614640598339,1614640625082,34
1614640625095,1614640636740,120
1614640636753,1614640645316,97
1614640645329,1614640649504,28
1614640649516,1614640656346,50
1614640656359,1614640668838,115
1614640668850,1614640677314,93
1614640677326,1614640683701,38
1614640683714,1614640694147,80
1614640694160,1614640701216,35
1614640701228,1614640712896,90
1614640712912,1614640716502,18
1614640716514,1614640719554,7
1614640719566,1614640742060,250
1614640742073,1614640748670,52
1614640748683,1614640754880,38
1614640754893,1614640759988,35
1614640760001,1614640785202,251
1614640785215,1614640788302,17
1614640788314,1614640792336,17
1614640792348,1614640796300,36
1614640796310,1614640800787,28
1614640800799,1614640806154,51
1614640806166,1614640812989,39
1614640813002,1614640817350,25
1614640817361,1614640823565,43
1614640823578,1614640828316,19
1614640828327,1614640836620,84
1614640836938,1614640844472,44
1614640844484,1614640847544,13
1614640847556,1614640851983,19
1614640851996,1614640854029,16
1614640854038,1614640859053,27
1614640859066,1614640868920,78
1614640868933,1614640874063,33
1614640874075,1614640879846,48
1614640879859,1614640889441,61
1614640889453,1614640895412,51
1614640895424,1614640900397,30
1614640900409,1614640906830,51
1614640906842,1614640911017,11
1614640911030,1614640919250,77
1614640919262,1614640941522,190
1614640941535,1614640952311,106
1614640952468,1614640959805,58
1614640959818,1614640966545,56
1614640966558,1614640974789,75
1614640974802,1614640979443,26
1614640979454,1614640987277,60
1614640987289,1614640992126,26
1614640992138,1614640997250,41
1614640997263,1614641013719,183
1614641013732,1614641021709,66
1614641021721,1614641027593,40
1614641027605,1614641036285,113
1614641036299,1614641052454,173
1614641052467,1614641057440,20
1614641057452,1614641062578,39
1614641062590,1614641076095,146
