1614734217037,1614735538948,164
1614735538964,1614735651017,223
1614735651030,1614736576164,248
1614736576180,1614736756491,236
1614736756504,1614737242970,46
1614737242984,1614737273559,123
1614737273573,1614738583696,239
1614738583712,1614739368313,103
1614739368328,1614740389337,87
1614740389353,1614740401073,62
1614740401086,1614741104203,44
1614741104219,1614741374881,139
1614741374893,1614741494372,104
1614741494385,1614741508908,58
1614741508921,1614741873818,13
1614741873834,1614742494789,40
1614742494805,1614742695895,241
1614742695908,1614742727719,105
1614742727732,1614742926474,228
1614742926488,1614743743251,42
1614743743266,1614745123615,23
1614745123631,1614745428054,64
1614745428067,1614745940146,206
1614745940161,1614746506458,179
1614746506474,1614746966899,129
1614746966916,1614747134564,94
1614747134576,1614747407120,250
1614747407133,1614747427825,63
1614747427838,1614748152326,164
1614748152339,1614748663771,130
1614748663788,1614749316179,127
1614749316194,1614749336124,82
1614749336136,1614749928397,16
1614749928414,1614750340580,132
1614750340596,1614753059924,127
1614753059941,1614753603104,144
1614753603122,1614754420805,109
1614754420822,1614755133462,22
1614755133479,1614758254343,70
1614758254361,1614759363123,157
1614759363137,1614759603208,51
1614759603220,1614760236560,185
1614760236576,1614760250116,56
1614760250128,1614762509971,134
1614762509988,1614762881095,22
1614762881111,1614763114684,10
1614763114697,1614763286224,87
1614763286236,1614763483534,237
1614763483547,1614763550473,224
1614763550485,1614764356292,175
1614764356305,1614765201300,243
1614765201317,1614765362776,71
1614765362789,1614765534882,228
1614765534895,1614765983992,251
1614765984005,1614766711224,181
1614766711241,1614766778741,229
1614766778754,1614770564368,79
1614770564386,1614771367278,127
1614771367294,1614771723484,128
1614771723498,1614771911146,35
1614771911159,1614772081348,186
1614772081361,1614775088243,229
1614775088260,1614775394686,163
1614775394699,1614776257825,83
1614776257840,1614777009747,41
1614777009763,1614777057022,162
1614777057033,1614777563471,185
1614777563487,1614778801202,124
1614778801219,1614778818091,72
1614778818104,1614780066486,43
1614780066502,1614780389425,251
1614780389439,1614781429483,18
1614781429501,1614781910068,145
1614781910085,1614781992235,230
