1614713069576,1614713069913,1
1614713069924,1614713070265,1
1614713070277,1614713070617,1
1614713070629,1614713070999,1
1614713071010,1614713071354,1
1614713071366,1614713071703,1
1614713071714,1614713072049,1
1614713072061,1614713072399,1
1614713072410,1614713072745,1
1614713072756,1614713073092,1
1614713073102,1614713073439,1
1614713073450,1614713073787,1
1614713073798,1614713074135,1
1614713074147,1614713074484,1
1614713074495,1614713074828,1
1614713074839,1614713075175,1
1614713075187,1614713075526,1
1614713075537,1614713075872,1
1614713075884,1614713076220,1
1614713076232,1614713076569,1
1614713076580,1614713076915,1
1614713076926,1614713077262,1
1614713077273,1614713077609,1
1614713077619,1614713077949,1
1614713077960,1614713078299,1
1614713078310,1614713078649,1
1614713078660,1614713078996,1
1614713079008,1614713079347,1
1614713079358,1614713079696,1
1614713079708,1614713080042,1
1614713080053,1614713080390,1
1614713080401,1614713080736,1
1614713080747,1614713081080,1
1614713081091,1614713081428,1
1614713081440,1614713081775,1
1614713081787,1614713082121,1
1614713082133,1614713082479,1
1614713082491,1614713082830,1
1614713082843,1614713083181,1
1614713083193,1614713083534,1
1614713083545,1614713083882,1
1614713083893,1614713084233,1
1614713084245,1614713084582,1
1614713084594,1614713084929,1
1614713084941,1614713085279,1
1614713085291,1614713085629,1
1614713085640,1614713085975,1
1614713085987,1614713086323,1
1614713086335,1614713086671,1
1614713086682,1614713087019,1
1614713087031,1614713087369,1
1614713087380,1614713087716,1
1614713087728,1614713088062,1
1614713088073,1614713088409,1
1614713088421,1614713088761,1
1614713088773,1614713089109,1
1614713089122,1614713089460,1
1614713089472,1614713089809,1
1614713089821,1614713090159,1
1614713090170,1614713090509,1
1614713090521,1614713090858,1
1614713090870,1614713091206,1
1614713091218,1614713091558,1
1614713091570,1614713091904,1
1614713091915,1614713092244,1
1614713092256,1614713092599,1
1614713092610,1614713092944,1
1614713092955,1614713093292,1
1614713093304,1614713093641,1
1614713093652,1614713093989,1
1614713094000,1614713094337,1
1614713094349,1614713094687,1
1614713094699,1614713095037,1
1614713095048,1614713095387,1
1614713095399,1614713095735,1
1614713095747,1614713096085,1
1614713096096,1614713096434,1
1614713096445,1614713096784,1
1614713096795,1614713097131,1
1614713097143,1614713097483,1
1614713097495,1614713097833,1
1614713097846,1614713098181,1
1614713098192,1614713098530,1
1614713098542,1614713098878,1
1614713098889,1614713099223,1
1614713099235,1614713099575,1
1614713099587,1614713099922,1
1614713099933,1614713100266,1
1614713100277,1614713100616,1
1614713100627,1614713100964,1
1614713100976,1614713101312,1
1614713101324,1614713101666,1
1614713101679,1614713102017,1
1614713102028,1614713102362,1
1614713102373,1614713102717,1
1614713102729,1614713103065,1
1614713103077,1614713103415,1
1614713103426,1614713103765,1
1614713103777,1614713104114,1
1614713104126,1614713104462,1
1614713104474,1614713104811,1
1614713104822,1614713105158,1
1614713105169,1614713105508,1
1614713105519,1614713105858,1
1614713105869,1614713106204,1
1614713106215,1614713106555,1
1614713106567,1614713106906,1
1614713106917,1614713107252,1
1614713107264,1614713107603,1
1614713107614,1614713107952,1
1614713107964,1614713108299,1
1614713108311,1614713108650,1
1614713108662,1614713109000,1
1614713109011,1614713109349,1
1614713109360,1614713109697,1
1614713109708,1614713110048,1
1614713110059,1614713110396,1
1614713110409,1614713110742,1
1614713110754,1614713111091,1
1614713111102,1614713111437,1
1614713111448,1614713111785,1
1614713111797,1614713112134,1
1614713112146,1614713112481,1
1614713112493,1614713112834,1
1614713112846,1614713113184,1
1614713113196,1614713113533,1
1614713113546,1614713113884,1
1614713113896,1614713114232,1
1614713114244,1614713114582,1
1614713114593,1614713114931,1
1614713114943,1614713115282,1
1614713115293,1614713115632,1
1614713115643,1614713115978,1
1614713115990,1614713116324,1
1614713116336,1614713116675,1
1614713116687,1614713117005,1
1614713117016,1614713117354,1
1614713117365,1614713117703,1
1614713117714,1614713118054,1
1614713118065,1614713118401,1
1614713118413,1614713118750,1
1614713118761,1614713119098,1
1614713119109,1614713119445,1
1614713119456,1614713119794,1
1614713119806,1614713120142,1
1614713120153,1614713120493,1
1614713120504,1614713120842,1
1614713120854,1614713121191,1
1614713121202,1614713121539,1
1614713121551,1614713121892,1
1614713121903,1614713122241,1
1614713122252,1614713122587,1
1614713122599,1614713122948,1
1614713122960,1614713123299,1
1614713123311,1614713123650,1
1614713123662,1614713124001,1
1614713124013,1614713124349,1
1614713124360,1614713124699,1
1614713124710,1614713125049,1
1614713125060,1614713125396,1
1614713125407,1614713125747,1
1614713125764,1614713126103,1
1614713126121,1614713126459,1
1614713126471,1614713126789,1
1614713126802,1614713127139,1
1614713127150,1614713127486,1
1614713127497,1614713127835,1
1614713127846,1614713128184,1
1614713128195,1614713128533,1
1614713128544,1614713128881,1
1614713128893,1614713129232,1
1614713129243,1614713129581,1
1614713129593,1614713129933,1
1614713129945,1614713130283,1
1614713130295,1614713130630,1
1614713130641,1614713130980,1
1614713130991,1614713131326,1
1614713131338,1614713131673,1
1614713131684,1614713132024,1
1614713132035,1614713132372,1
1614713132383,1614713132720,1
1614713132731,1614713133070,1
1614713133083,1614713133420,1
1614713133432,1614713133770,1
1614713133782,1614713134118,1
1614713134130,1614713134466,1
1614713134478,1614713134814,1
1614713134826,1614713135163,1
1614713135174,1614713135513,1
1614713135526,1614713135863,1
1614713135875,1614713136213,1
1614713136225,1614713136561,1
1614713136573,1614713136910,1
1614713136922,1614713137259,1
1614713137271,1614713137606,1
1614713137617,1614713137953,1
1614713137965,1614713138303,1
1614713138314,1614713138650,1
1614713138662,1614713139000,1
1614713139012,1614713139348,1
1614713139360,1614713139697,1
1614713139708,1614713140046,1
1614713140058,1614713140398,1
1614713140409,1614713140746,1
1614713140758,1614713141096,1
1614713141108,1614713141444,1
1614713141455,1614713141792,1
1614713141803,1614713142143,1
1614713142154,1614713142489,1
1614713142501,1614713142838,1
1614713142849,1614713143189,1
1614713143201,1614713143537,1
1614713143548,1614713143883,1
1614713143895,1614713144233,1
1614713144245,1614713144582,1
1614713144593,1614713144930,1
1614713144942,1614713145279,1
1614713145290,1614713145628,1
1614713145644,1614713145982,1
1614713145994,1614713146333,1
1614713146344,1614713146679,1
1614713146691,1614713147030,1
1614713147042,1614713147379,1
1614713147391,1614713147729,1
1614713147740,1614713148079,1
1614713148091,1614713148430,1
1614713148441,1614713148779,1
1614713148791,1614713149132,1
1614713149144,1614713149481,1
1614713149492,1614713149829,1
1614713149841,1614713150179,1
1614713150191,1614713150528,1
1614713150540,1614713150875,1
1614713150887,1614713151227,1
1614713151239,1614713151576,1
1614713151587,1614713151922,1
1614713151934,1614713152274,1
1614713152286,1614713152624,1
1614713152636,1614713152972,1
1614713152983,1614713153324,1
1614713153336,1614713153672,1
1614713153684,1614713154022,1
1614713154034,1614713154373,1
1614713154385,1614713154715,1
1614713154726,1614713155066,1
1614713155079,1614713155415,1
1614713155426,1614713155763,1
1614713155774,1614713156112,1
1614713156123,1614713156459,1
1614713156471,1614713156810,1
1614713156823,1614713157162,1
1614713157174,1614713157513,1
1614713157525,1614713157861,1
1614713157872,1614713158210,1
1614713158222,1614713158560,1
1614713158572,1614713158906,1
1614713158918,1614713159258,1
1614713159270,1614713159589,1
1614713159601,1614713159938,1
1614713159949,1614713165301,1
1614713165314,1614713165652,1
1614713165663,1614713165999,1
1614713166010,1614713166353,1
1614713166365,1614713166704,1
1614713166715,1614713167054,1
1614713167065,1614713167408,1
1614713167420,1614713167757,1
1614713167769,1614713168105,1
1614713168117,1614713168468,1
1614713168480,1614713168819,1
1614713168831,1614713169168,1
1614713169180,1614713169521,1
1614713169532,1614713169868,1
1614713169880,1614713170217,1
1614713170229,1614713170566,1
1614713170578,1614713170915,1
1614713170927,1614713171265,1
1614713171277,1614713171616,1
1614713171628,1614713171965,1
1614713171976,1614713172315,1
1614713172327,1614713172666,1
1614713172677,1614713173013,1
1614713173024,1614713173363,1
1614713173374,1614713173712,1
1614713173724,1614713174060,1
1614713174071,1614713174409,1
1614713174421,1614713174759,1
1614713174771,1614713175107,1
1614713175119,1614713175458,1
1614713175470,1614713175807,1
1614713175819,1614713176135,1
1614713176147,1614713176485,1
1614713176497,1614713176836,1
1614713176850,1614713177187,1
1614713177198,1614713177537,1
1614713177549,1614713177886,1
1614713177898,1614713178233,1
1614713178245,1614713178590,1
1614713178602,1614713178938,1
1614713178950,1614713179287,1
1614713179299,1614713179631,1
1614713179642,1614713179952,1
1614713179962,1614713180276,1
1614713180288,1614713180616,1
1614713180627,1614713180953,1
1614713180965,1614713181287,1
1614713181298,1614713181626,1
1614713181638,1614713181957,1
1614713181969,1614713182295,1
1614713182307,1614713182634,1
1614713182645,1614713182971,1
1614713182982,1614713183291,1
1614713183303,1614713183636,1
1614713183648,1614713183965,1
1614713183978,1614713184302,1
1614713184313,1614713184640,1
1614713184652,1614713184971,1
1614713184982,1614713185299,1
1614713185311,1614713185637,1
1614713185649,1614713185975,1
1614713185987,1614713186311,1
1614713186321,1614713186646,1
1614713186658,1614713186982,1
1614713186993,1614713187313,1
1614713187324,1614713187652,1
1614713187664,1614713188002,1
1614713188014,1614713188354,1
1614713188365,1614713188705,1
1614713188716,1614713189052,1
1614713189064,1614713189401,1
1614713189413,1614713189755,1
1614713189767,1614713190102,1
1614713190114,1614713190451,1
1614713190463,1614713190800,1
1614713190811,1614713191146,1
1614713191157,1614713191496,1
1614713191507,1614713191845,1
1614713191856,1614713192193,1
1614713192204,1614713192543,1
1614713192554,1614713192893,1
1614713192904,1614713193238,1
1614713193250,1614713193588,1
1614713193600,1614713193935,1
1614713193946,1614713194280,1
1614713194291,1614713194628,1
1614713194639,1614713194973,1
1614713194984,1614713195319,1
1614713195330,1614713195670,1
1614713195682,1614713196020,1
1614713196032,1614713196351,1
1614713196364,1614713196703,1
1614713196715,1614713197053,1
1614713197064,1614713197400,1
1614713197412,1614713197750,1
1614713197762,1614713198100,1
1614713198111,1614713198444,1
1614713198455,1614713198796,1
1614713198807,1614713199142,1
1614713199153,1614713199487,1
1614713199498,1614713199838,1
1614713199850,1614713200186,1
1614713200197,1614713200534,1
1614713200545,1614713200880,1
1614713200892,1614713201230,1
1614713201242,1614713201581,1
1614713201592,1614713201929,1
1614713201940,1614713202275,1
1614713202286,1614713202621,1
1614713202633,1614713202970,1
1614713202981,1614713203318,1
1614713203330,1614713203669,1
1614713203680,1614713204016,1
1614713204027,1614713204360,1
1614713204371,1614713204710,1
1614713204721,1614713205060,1
1614713205071,1614713205408,1
1614713205420,1614713205758,1
1614713205769,1614713206105,1
1614713206116,1614713206452,1
1614713206464,1614713206802,1
1614713206813,1614713207150,1
1614713207162,1614713207498,1
1614713207509,1614713207846,1
1614713207857,1614713208193,1
1614713208205,1614713208540,1
1614713208552,1614713208890,1
1614713208902,1614713209238,1
1614713209249,1614713209584,1
1614713209596,1614713209937,1
1614713209950,1614713210286,1
1614713210298,1614713210635,1
1614713210647,1614713210985,1
1614713210997,1614713211334,1
1614713211346,1614713211685,1
1614713211697,1614713212036,1
1614713212048,1614713212383,1
1614713212395,1614713212711,1
1614713212722,1614713213061,1
1614713213072,1614713213409,1
1614713213420,1614713213759,1
1614713213771,1614713214109,1
1614713214120,1614713214456,1
1614713214468,1614713214806,1
1614713214819,1614713215156,1
1614713215169,1614713215506,1
1614713215517,1614713215858,1
1614713215870,1614713216209,1
1614713216221,1614713216560,1
1614713216571,1614713216907,1
1614713216918,1614713217253,1
1614713217265,1614713217599,1
1614713217611,1614713217947,1
1614713217958,1614713218296,1
1614713218308,1614713218642,1
1614713218654,1614713218992,1
1614713219004,1614713219341,1
1614713219352,1614713219688,1
1614713219700,1614713220040,1
1614713220051,1614713220389,1
1614713220400,1614713220735,1
1614713220747,1614713221087,1
1614713221098,1614713221436,1
1614713221448,1614713221787,1
1614713221799,1614713222139,1
1614713222150,1614713222482,1
1614713222493,1614713222830,1
1614713222841,1614713223179,1
1614713223190,1614713223526,1
1614713223537,1614713223876,1
1614713223887,1614713224223,1
1614713224235,1614713224570,1
1614713224582,1614713224920,1
1614713224932,1614713225270,1
1614713225282,1614713225620,1
1614713225631,1614713225971,1
1614713225983,1614713226321,1
1614713226332,1614713226667,1
1614713226679,1614713227017,1
1614713227029,1614713227367,1
1614713227379,1614713227717,1
1614713227729,1614713228064,1
1614713228076,1614713228413,1
1614713228425,1614713228762,1
1614713228773,1614713229112,1
1614713229124,1614713229461,1
1614713229473,1614713229811,1
1614713229822,1614713230162,1
1614713230173,1614713230508,1
1614713230520,1614713230858,1
1614713230869,1614713231207,1
1614713231218,1614713231555,1
1614713231566,1614713231904,1
1614713231915,1614713232254,1
1614713232265,1614713232602,1
1614713232614,1614713232953,1
1614713232964,1614713233303,1
1614713233314,1614713233649,1
1614713233661,1614713233999,1
1614713234011,1614713234346,1
1614713234358,1614713234695,1
1614713234706,1614713235041,1
1614713235052,1614713235388,1
1614713235400,1614713235735,1
1614713235747,1614713236086,1
1614713236098,1614713236437,1
1614713236449,1614713236786,1
1614713236797,1614713237136,1
1614713237148,1614713237483,1
1614713237495,1614713237831,1
1614713237842,1614713238182,1
1614713238194,1614713238536,1
1614713238569,1614713238908,1
1614713238931,1614713239287,1
1614713239311,1614713239647,1
1614713239916,1614713240256,1
1614713240269,1614713240605,1
1614713240617,1614713240953,1
1614713240965,1614713241311,1
1614713241323,1614713241658,1
1614713241669,1614713242006,1
1614713242017,1614713242356,1
1614713242368,1614713242706,1
1614713242718,1614713243056,1
1614713243068,1614713243405,1
1614713243417,1614713243755,1
1614713243766,1614713244104,1
1614713244116,1614713244454,1
1614713244465,1614713244802,1
1614713244813,1614713245149,1
1614713245160,1614713245497,1
1614713245508,1614713245845,1
1614713245856,1614713246195,1
1614713246206,1614713246544,1
1614713246556,1614713246893,1
1614713246905,1614713247246,1
1614713247257,1614713247598,1
1614713247609,1614713247947,1
1614713247959,1614713248298,1
1614713248310,1614713248649,1
1614713248661,1614713248995,1
1614713249007,1614713249346,1
1614713249359,1614713249697,1
1614713249720,1614713250061,1
1614713250082,1614713250415,1
1614713250426,1614713250763,1
1614713250775,1614713251112,1
1614713251123,1614713251463,1
1614713251474,1614713251813,1
1614713251824,1614713252162,1
1614713252174,1614713252513,1
1614713252525,1614713252861,1
1614713252873,1614713253212,1
1614713253224,1614713253563,1
1614713253575,1614713253890,1
1614713253901,1614713254235,1
1614713254247,1614713254585,1
1614713254597,1614713254933,1
1614713254945,1614713255284,1
1614713255296,1614713255637,1
1614713255649,1614713255986,1
1614713255998,1614713256337,1
1614713256349,1614713256687,1
1614713256699,1614713257037,1
1614713257049,1614713257367,1
1614713257379,1614713257717,1
1614713257730,1614713258067,1
1614713258079,1614713258417,1
1614713258428,1614713258763,1
1614713258775,1614713259111,1
1614713259123,1614713259460,1
1614713259471,1614713259807,1
1614713259819,1614713260155,1
1614713260166,1614713260505,1
1614713260518,1614713260857,1
1614713260869,1614713261205,1
1614713261217,1614713261557,1
1614713261569,1614713261907,1
1614713261918,1614713262256,1
1614713262268,1614713262606,1
1614713262618,1614713262955,1
1614713262966,1614713263304,1
1614713263316,1614713263653,1
1614713263665,1614713264000,1
1614713264012,1614713264351,1
1614713264363,1614713264701,1
1614713264714,1614713265051,1
1614713265062,1614713265399,1
1614713265412,1614713265749,1
1614713265760,1614713266094,1
1614713266105,1614713266444,1
1614713266456,1614713266793,1
1614713266804,1614713267137,1
1614713267149,1614713267487,1
1614713267499,1614713267835,1
1614713267846,1614713268181,1
1614713268193,1614713268534,1
1614713268547,1614713268886,1
1614713268898,1614713269235,1
1614713269246,1614713269585,1
1614713269597,1614713269931,1
1614713269942,1614713270277,1
1614713270289,1614713270630,1
1614713270642,1614713270980,1
1614713270991,1614713271328,1
1614713271340,1614713271679,1
1614713271691,1614713272028,1
1614713272039,1614713272377,1
1614713272390,1614713272728,1
1614713272740,1614713273075,1
1614713273087,1614713273425,1
1614713273437,1614713273775,1
1614713273787,1614713274124,1
1614713274136,1614713274475,1
1614713274486,1614713274824,1
1614713274835,1614713275171,1
1614713275183,1614713275521,1
1614713275533,1614713275873,1
1614713275885,1614713276220,1
1614713276232,1614713276572,1
1614713276584,1614713276911,1
1614713276922,1614713277257,1
1614713277269,1614713277609,1
1614713277620,1614713277957,1
1614713277969,1614713278307,1
1614713278318,1614713278658,1
1614713278670,1614713279008,1
1614713279019,1614713279354,1
1614713279365,1614713279703,1
1614713279715,1614713280048,1
1614713280059,1614713280396,1
1614713280408,1614713280758,1
1614713280770,1614713281105,1
1614713281117,1614713281455,1
1614713281467,1614713281804,1
1614713281816,1614713282152,1
1614713282163,1614713282498,1
1614713282510,1614713282850,1
1614713282862,1614713283198,1
1614713283209,1614713283548,1
1614713283559,1614713283898,1
1614713283909,1614713284245,1
1614713284257,1614713284598,1
1614713284610,1614713284947,1
1614713284959,1614713285296,1
1614713285308,1614713285645,1
1614713285657,1614713285995,1
1614713286007,1614713286343,1
1614713286355,1614713286693,1
1614713286705,1614713287042,1
1614713287054,1614713287389,1
1614713287401,1614713287738,1
1614713287751,1614713288088,1
1614713288100,1614713288438,1
1614713288450,1614713288790,1
1614713288802,1614713289140,1
1614713289152,1614713289488,1
1614713289499,1614713289840,1
1614713289852,1614713290190,1
1614713290202,1614713290539,1
1614713290551,1614713290891,1
1614713290903,1614713291240,1
1614713291252,1614713291590,1
1614713291602,1614713291940,1
1614713291952,1614713292288,1
1614713292300,1614713292640,1
1614713292652,1614713292991,1
1614713293003,1614713293339,1
1614713293350,1614713293690,1
1614713293703,1614713294040,1
1614713294052,1614713294387,1
1614713294400,1614713294739,1
1614713294751,1614713295088,1
1614713295100,1614713295435,1
1614713295447,1614713295786,1
1614713295798,1614713296136,1
1614713296147,1614713296483,1
1614713296495,1614713296834,1
1614713296847,1614713297186,1
1614713297198,1614713297533,1
1614713297545,1614713297884,1
1614713297896,1614713298234,1
1614713298246,1614713298583,1
1614713298594,1614713298933,1
1614713298945,1614713299281,1
1614713299293,1614713299629,1
1614713299641,1614713299982,1
1614713299994,1614713300331,1
1614713300343,1614713300680,1
1614713300692,1614713301030,1
1614713301041,1614713301377,1
1614713301389,1614713301726,1
1614713301738,1614713302077,1
1614713302089,1614713302426,1
1614713302438,1614713302777,1
1614713302789,1614713303127,1
1614713303140,1614713303473,1
1614713303484,1614713303824,1
1614713303836,1614713304174,1
1614713304185,1614713304523,1
1614713304535,1614713304872,1
1614713304884,1614713305222,1
1614713305233,1614713305571,1
1614713305583,1614713305922,1
1614713305933,1614713306273,1
1614713306284,1614713306620,1
1614713306631,1614713306969,1
1614713306980,1614713307317,1
1614713307331,1614713307668,1
1614713307679,1614713308018,1
1614713308030,1614713308368,1
1614713308379,1614713308694,1
1614713308706,1614713309044,1
1614713309056,1614713309393,1
1614713309406,1614713309740,1
1614713309752,1614713310098,1
1614713310110,1614713310449,1
1614713310461,1614713310799,1
1614713310811,1614713311151,1
1614713311163,1614713311501,1
1614713311513,1614713311853,1
1614713311865,1614713312205,1
1614713312217,1614713312553,1
1614713312565,1614713312903,1
1614713312915,1614713313254,1
1614713313266,1614713313602,1
1614713313614,1614713313948,1
1614713313960,1614713314298,1
1614713314310,1614713314646,1
1614713314657,1614713314995,1
1614713315007,1614713315345,1
1614713315356,1614713315692,1
1614713315705,1614713316043,1
1614713316055,1614713316392,1
1614713316404,1614713316740,1
1614713316752,1614713317091,1
1614713317103,1614713317440,1
1614713317451,1614713317788,1
1614713317800,1614713318140,1
1614713318152,1614713318488,1
1614713318500,1614713318838,1
1614713318851,1614713319197,1
1614713319210,1614713319548,1
1614713319559,1614713319898,1
1614713319910,1614713320249,1
1614713320260,1614713320596,1
1614713320608,1614713320945,1
1614713320957,1614713321295,1
1614713321306,1614713321644,1
1614713321656,1614713322000,1
1614713322229,1614713322567,1
1614713322579,1614713322915,1
1614713322926,1614713323266,1
1614713323278,1614713323613,1
1614713323625,1614713323963,1
1614713323974,1614713324310,1
1614713324321,1614713324656,1
1614713324667,1614713325004,1
1614713325015,1614713325353,1
1614713325365,1614713325703,1
1614713325714,1614713326053,1
1614713326065,1614713326403,1
1614713326414,1614713326747,1
1614713326758,1614713327097,1
1614713327109,1614713327448,1
1614713327459,1614713327795,1
1614713327806,1614713328141,1
1614713328152,1614713328492,1
1614713328504,1614713328840,1
1614713328851,1614713329189,1
1614713329200,1614713329540,1
1614713329552,1614713329890,1
1614713329901,1614713330240,1
1614713330252,1614713330569,1
1614713330580,1614713330915,1
1614713330927,1614713331264,1
1614713331276,1614713331614,1
1614713331626,1614713331962,1
1614713331974,1614713332315,1
1614713332327,1614713332663,1
1614713332675,1614713333012,1
1614713333022,1614713333364,1
1614713333376,1614713333713,1
1614713333725,1614713334064,1
1614713334075,1614713334415,1
1614713334427,1614713334764,1
1614713334775,1614713335114,1
1614713335125,1614713335464,1
1614713335476,1614713335812,1
1614713335823,1614713336163,1
1614713336175,1614713336513,1
1614713336524,1614713336858,1
1614713336869,1614713337208,1
1614713337220,1614713337560,1
1614713337571,1614713337905,1
1614713337917,1614713338255,1
1614713338267,1614713338604,1
1614713338616,1614713338952,1
1614713338963,1614713339301,1
1614713339313,1614713339652,1
1614713339664,1614713339999,1
1614713340010,1614713340351,1
1614713340363,1614713340704,1
1614713340716,1614713341052,1
1614713341064,1614713341403,1
1614713341415,1614713341751,1
1614713341763,1614713342100,1
1614713342112,1614713342452,1
1614713342463,1614713342792,1
1614713342804,1614713343140,1
1614713343151,1614713343490,1
1614713343502,1614713343828,1
1614713343840,1614713344178,1
1614713344191,1614713344530,1
1614713344542,1614713344879,1
1614713344890,1614713345227,1
1614713345238,1614713345576,1
1614713345587,1614713345924,1
1614713345935,1614713346273,1
1614713346284,1614713346624,1
1614713346636,1614713346973,1
1614713346995,1614713347334,1
1614713347347,1614713347684,1
1614713347695,1614713348029,1
1614713348041,1614713348378,1
1614713348390,1614713348729,1
1614713348740,1614713349069,1
1614713349080,1614713349418,1
1614713349430,1614713349766,1
1614713349778,1614713350114,1
1614713350125,1614713350461,1
1614713350473,1614713350812,1
1614713350823,1614713351160,1
1614713351171,1614713351511,1
1614713351523,1614713351861,1
1614713351872,1614713352207,1
1614713352218,1614713352556,1
1614713352568,1614713352905,1
1614713352916,1614713353254,1
1614713353265,1614713353604,1
1614713353617,1614713353948,1
1614713353960,1614713354299,1
1614713354311,1614713354648,1
1614713354660,1614713354995,1
1614713355007,1614713355345,1
1614713355357,1614713355691,1
1614713355703,1614713356040,1
1614713356052,1614713356390,1
1614713356402,1614713356741,1
1614713356753,1614713357088,1
1614713357100,1614713357437,1
1614713357450,1614713357789,1
1614713357800,1614713358136,1
1614713358148,1614713358487,1
1614713358498,1614713358834,1
1614713358845,1614713359181,1
1614713359193,1614713359532,1
1614713359544,1614713359882,1
1614713359894,1614713360230,1
1614713360242,1614713360581,1
1614713360593,1614713360931,1
1614713360942,1614713361280,1
1614713361292,1614713361632,1
1614713361644,1614713361983,1
1614713361995,1614713362331,1
1614713362342,1614713362681,1
1614713362693,1614713363029,1
1614713363041,1614713363376,1
1614713363388,1614713363727,1
1614713363740,1614713364075,1
1614713364086,1614713364424,1
1614713364435,1614713364774,1
1614713364785,1614713365120,1
1614713365132,1614713365470,1
1614713365481,1614713365817,1
1614713365829,1614713366166,1
1614713366179,1614713366517,1
1614713366529,1614713366870,1
1614713366881,1614713367216,1
1614713367228,1614713367567,1
1614713367579,1614713367916,1
1614713367927,1614713368261,1
1614713368273,1614713368610,1
1614713368621,1614713368959,1
1614713368970,1614713369306,1
1614713369318,1614713369656,1
1614713369667,1614713370005,1
1614713370016,1614713370353,1
1614713370364,1614713370703,1
1614713370715,1614713371054,1
1614713371065,1614713371402,1
1614713371413,1614713371752,1
1614713371764,1614713372101,1
1614713372112,1614713372448,1
1614713372460,1614713372800,1
1614713372811,1614713373147,1
1614713373158,1614713373494,1
1614713373505,1614713373842,1
1614713373854,1614713374187,1
1614713374198,1614713374535,1
1614713374546,1614713374884,1
1614713374895,1614713375229,1
1614713375241,1614713375579,1
1614713375592,1614713375929,1
1614713375941,1614713376276,1
1614713376288,1614713376629,1
1614713376642,1614713376979,1
1614713376991,1614713377326,1
1614713377337,1614713377676,1
1614713377688,1614713378028,1
1614713378039,1614713378376,1
1614713378387,1614713378725,1
1614713378736,1614713379074,1
1614713379085,1614713379423,1
1614713379434,1614713379772,1
1614713379784,1614713380120,1
1614713380132,1614713380468,1
1614713380479,1614713380817,1
1614713380829,1614713381170,1
1614713381181,1614713381518,1
1614713381529,1614713381862,1
1614713381873,1614713382210,1
1614713382222,1614713382559,1
1614713382570,1614713382909,1
1614713382920,1614713383255,1
1614713383267,1614713383603,1
1614713383614,1614713383951,1
1614713383964,1614713384300,1
1614713384311,1614713384648,1
1614713384659,1614713385000,1
1614713385012,1614713385350,1
1614713385361,1614713385699,1
1614713385711,1614713386049,1
1614713386060,1614713386396,1
1614713386408,1614713386746,1
1614713386757,1614713387096,1
1614713387107,1614713387444,1
1614713387455,1614713387792,1
1614713387803,1614713388142,1
1614713388153,1614713388489,1
1614713388500,1614713388839,1
1614713388850,1614713389188,1
1614713389200,1614713389517,1
1614713389529,1614713389868,1
1614713389879,1614713390216,1
1614713390228,1614713390564,1
1614713390576,1614713390916,1
1614713390928,1614713391265,1
1614713391276,1614713391611,1
1614713391623,1614713391963,1
1614713391975,1614713392308,1
1614713392320,1614713392655,1
1614713392666,1614713393005,1
1614713393017,1614713393354,1
1614713393366,1614713393704,1
1614713393716,1614713394064,1
1614713394076,1614713394413,1
1614713394424,1614713394764,1
1614713394775,1614713395112,1
1614713395124,1614713395461,1
1614713395473,1614713395811,1
1614713395823,1614713396160,1
1614713396171,1614713396506,1
1614713396518,1614713396856,1
1614713396868,1614713397207,1
1614713397219,1614713397555,1
1614713397567,1614713397905,1
1614713397917,1614713398253,1
1614713398264,1614713398603,1
1614713398614,1614713398955,1
1614713398967,1614713399302,1
1614713399314,1614713399650,1
1614713399661,1614713399997,1
1614713400009,1614713400346,1
1614713400357,1614713400693,1
1614713400705,1614713401043,1
1614713401055,1614713401393,1
1614713401405,1614713401745,1
1614713401757,1614713402097,1
1614713402109,1614713402446,1
1614713402457,1614713402794,1
1614713402805,1614713403144,1
1614713403156,1614713403494,1
1614713403505,1614713403841,1
1614713403853,1614713404192,1
1614713404204,1614713404541,1
1614713404552,1614713404893,1
1614713404904,1614713405241,1
1614713405253,1614713405589,1
1614713405601,1614713405933,1
1614713405945,1614713406282,1
1614713406294,1614713406629,1
1614713406640,1614713406977,1
1614713406989,1614713407326,1
1614713407337,1614713407675,1
1614713407687,1614713408024,1
1614713408037,1614713408375,1
1614713408386,1614713408722,1
1614713408734,1614713409071,1
1614713409082,1614713409417,1
1614713409428,1614713409764,1
1614713409776,1614713410115,1
1614713410128,1614713410464,1
1614713410476,1614713410814,1
1614713410826,1614713411164,1
1614713411176,1614713411510,1
1614713411522,1614713411859,1
1614713411871,1614713412210,1
1614713412221,1614713412561,1
1614713412572,1614713412908,1
1614713412920,1614713413258,1
1614713413270,1614713413608,1
1614713413619,1614713413950,1
1614713413961,1614713414301,1
1614713414313,1614713414650,1
1614713414662,1614713414997,1
1614713415009,1614713415348,1
1614713415359,1614713415694,1
1614713415706,1614713416046,1
1614713416057,1614713416395,1
1614713416407,1614713416724,1
1614713416735,1614713417071,1
1614713417083,1614713417420,1
1614713417431,1614713417767,1
1614713417778,1614713418119,1
1614713418130,1614713418466,1
1614713418477,1614713418816,1
1614713418827,1614713419167,1
1614713419179,1614713419516,1
1614713419528,1614713419863,1
1614713419875,1614713420211,1
1614713420222,1614713420563,1
1614713420575,1614713420912,1
1614713420924,1614713421264,1
1614713421276,1614713421614,1
1614713421625,1614713421961,1
1614713421972,1614713422309,1
1614713422322,1614713422660,1
1614713422672,1614713423008,1
1614713423020,1614713423359,1
1614713423371,1614713423708,1
