1614734293829,1614736024689,3
1614736024707,1614736375422,2
1614736375436,1614738052384,73
1614738052402,1614738073008,36
1614738073019,1614738297396,146
1614738297410,1614738350493,65
1614738350506,1614738498876,96
1614738498890,1614739746809,250
1614739746826,1614740373169,149
1614740373186,1614741505089,191
1614741505106,1614741795061,159
1614741795075,1614742315827,63
1614742315845,1614742924424,104
1614742924441,1614743606450,161
1614743606466,1614747295959,66
1614747295976,1614748023090,174
1614748023108,1614748500324,58
1614748500341,1614751587465,21
1614751587482,1614751953722,214
1614751953739,1614752777418,200
1614752777435,1614753446051,190
1614753446068,1614753719539,156
1614753719553,1614754428926,144
1614754428942,1614754627560,129
1614754627573,1614755189516,81
1614755189533,1614755451706,158
1614755451720,1614756986461,180
1614756986478,1614758378621,69
1614758378638,1614759445945,104
1614759445963,1614759998962,113
1614759998980,1614760525605,74
1614760525623,1614762133795,170
1614762133812,1614762951193,219
1614762951210,1614763293146,212
1614763293159,1614763509394,99
1614763509407,1614764020002,54
1614764020020,1614764038033,37
1614764038046,1614764936020,32
1614764936038,1614765893038,37
1614765893056,1614769002366,78
1614769002380,1614769631576,138
1614769631593,1614770257736,149
1614770257749,1614771009260,176
1614771009277,1614771060460,47
1614771060472,1614771185827,110
1614771185840,1614772009308,23
1614772009325,1614773092106,151
1614773092124,1614773690341,82
1614773690358,1614773887934,149
1614773887947,1614774048756,109
1614774048770,1614774735281,130
1614774735298,1614775185626,29
1614775185644,1614776426141,230
1614776426157,1614776748312,222
1614776748326,1614776939144,127
1614776939157,1614778119683,197
1614778119699,1614779957379,69
1614779957395,1614780200875,186
1614780200889,1614781165590,59
1614781165607,1614781371202,130
1614781371215,1614781900586,55
