1614635494745,1614635502330,27
1614635502343,1614635517226,119
1614635517239,1614635532489,49
1614635532502,1614635550844,71
1614635550858,1614635558754,48
1614635558768,1614635566487,49
1614635566500,1614635574308,52
1614635574321,1614635593042,80
1614635593056,1614635603420,44
1614635603434,1614635675130,68
1614635675144,1614635680400,22
1614635680412,1614635703741,166
1614635703754,1614635712221,41
1614635712234,1614635743790,175
1614635743804,1614635756966,94
1614635756979,1614635781189,126
1614635781201,1614635794035,76
1614635794049,1614635796157,14
1614635796167,1614635802678,31
1614635802691,1614635810377,35
1614635810391,1614635817880,41
1614635817893,1614635824436,31
1614635824449,1614635834147,57
1614635834160,1614635838860,17
1614635838901,1614635848075,60
1614635848088,1614635855827,45
1614635855840,1614635866908,42
1614635866921,1614635878537,37
1614635878550,1614635889653,70
1614635889666,1614635905981,131
1614635905994,1614635911639,23
1614635911652,1614635917753,36
1614635917766,1614635938468,137
1614635938481,1614635967854,194
1614635967867,1614635976604,29
1614635976616,1614636026493,11
1614636026507,1614636120619,255
1614636120634,1614636135871,82
1614636135883,1614636143327,53
1614636143340,1614636171254,111
1614636171267,1614636186045,49
1614636186058,1614636238926,33
1614636238939,1614636251548,77
1614636251561,1614636257063,20
1614636257075,1614636262671,25
1614636262684,1614636269734,41
1614636269747,1614636382478,177
1614636382492,1614636415053,252
1614636415065,1614636438747,110
1614636438760,1614636443953,24
1614636443966,1614636450953,45
1614636450965,1614636457615,36
1614636457629,1614636485454,186
1614636485467,1614636490105,26
1614636490118,1614636495786,32
1614636495799,1614636499764,31
1614636499777,1614636504667,27
1614636504680,1614636513156,55
1614636513169,1614636528582,98
1614636528595,1614636535745,34
1614636535757,1614636639604,229
1614636639618,1614636657784,101
1614636657797,1614636669388,82
1614636669401,1614636679024,54
1614636679037,1614636694935,99
1614636694948,1614636704231,58
1614636704244,1614636735472,189
1614636735485,1614636750740,108
1614636750753,1614636803033,121
1614636803047,1614636823873,142
1614636823886,1614636872324,11
1614636872338,1614636879735,44
1614636879747,1614636892232,123
1614636892243,1614636934678,147
1614636934691,1614636942730,51
1614636942742,1614636954273,66
1614636954286,1614636968587,71
1614636968600,1614636979601,69
1614636979614,1614637112018,15
1614637112031,1614637125699,105
1614637125712,1614637143396,94
1614637143408,1614637148414,36
1614637148427,1614637168123,133
1614637168137,1614637185587,117
1614637185600,1614637190371,15
1614637190383,1614637239995,76
1614637240008,1614637250714,65
1614637250727,1614637257728,51
1614637257742,1614637272619,98
1614637272632,1614637312806,144
1614637312819,1614637317880,28
1614637317893,1614637323335,26
1614637323347,1614637343151,125
1614637343164,1614637350276,29
1614637350289,1614637361692,51
1614637361705,1614637377398,94
1614637377411,1614637389049,79
1614637389062,1614637431730,208
1614637431743,1614637436804,25
1614637436816,1614637442729,25
1614637442742,1614637513715,250
1614637513729,1614637546816,223
1614637546829,1614637558665,60
1614637558677,1614637575973,98
1614637575986,1614637603467,182
1614637603480,1614637609392,27
1614637609404,1614637615836,38
1614637615849,1614637627018,74
1614637627031,1614637637681,64
1614637637695,1614637653143,89
1614637653156,1614637665402,76
1614637665415,1614637676370,80
1614637676383,1614637689048,76
1614637689061,1614637695330,28
1614637695343,1614637704770,51
1614637704785,1614637709712,34
1614637709724,1614637719906,56
1614637719919,1614637725028,27
1614637725040,1614637731920,30
1614637731933,1614637813606,235
1614637813620,1614637838752,111
1614637838765,1614637845900,46
1614637845913,1614637870531,195
1614637870543,1614637880413,60
1614637880427,1614637887823,55
1614637887836,1614637895045,42
1614637895058,1614637904571,61
1614637904583,1614637909781,24
1614637909794,1614637927815,123
1614637927828,1614637934749,48
1614637934762,1614637942026,35
1614637942040,1614637947304,31
1614637947317,1614637975584,102
1614637975597,1614637981252,16
1614637981264,1614637988792,38
1614637988805,1614637996588,33
1614637996603,1614638067447,49
1614638067461,1614638139405,88
1614638139417,1614638150356,59
1614638150369,1614638160803,75
1614638160816,1614638173593,66
1614638173812,1614638180747,43
1614638180759,1614638212418,206
1614638212432,1614638217726,27
1614638217739,1614638275680,180
1614638275693,1614638281697,26
1614638281709,1614638294428,69
1614638294441,1614638301943,31
1614638302159,1614638313177,30
1614638313190,1614638321499,48
1614638321512,1614638330356,48
1614638330369,1614638337843,51
1614638337856,1614638381668,218
1614638381681,1614638411217,187
1614638411231,1614638468135,173
1614638468148,1614638478805,66
1614638478819,1614638484227,25
1614638484450,1614638494985,53
1614638494997,1614638505028,61
1614638505041,1614638544251,190
1614638544264,1614638567476,133
1614638567488,1614638590572,150
1614638590585,1614638598656,43
1614638598669,1614638608151,58
1614638608164,1614638618427,74
1614638618439,1614638630953,78
1614638630969,1614638639654,62
1614638639667,1614638650507,50
1614638650520,1614638662354,54
1614638662367,1614638673610,80
1614638673624,1614638689016,61
1614638689029,1614638742952,225
1614638742966,1614638761596,55
1614638761609,1614638766328,25
1614638766340,1614638771033,22
1614638771046,1614638776821,25
1614638776833,1614638807818,224
1614638807832,1614638820867,89
1614638820879,1614638834868,84
1614638834880,1614638842661,42
1614638842674,1614638857122,94
1614638857135,1614638863010,43
1614638863022,1614638869909,39
1614638869922,1614638884665,85
1614638884677,1614638893309,36
1614638893322,1614638936764,185
1614638936778,1614638944292,39
1614638944307,1614638970956,157
1614638970969,1614638975782,32
1614638975792,1614638999009,121
1614638999026,1614639049245,103
1614639049259,1614639056081,33
1614639056094,1614639098036,38
1614639098049,1614639122799,160
1614639122813,1614639155912,30
1614639155925,1614639164044,47
1614639164058,1614639210428,14
1614639210441,1614639224340,59
1614639224354,1614639233448,42
1614639233461,1614639257166,96
1614639257179,1614639266653,59
1614639266665,1614639274659,50
1614639274672,1614639388653,165
1614639388666,1614639404244,118
1614639405500,1614639434455,78
1614639434468,1614639440192,24
1614639440204,1614639452746,64
1614639452760,1614639468942,116
1614639468955,1614639477361,43
1614639477374,1614639598973,71
1614639598986,1614639630932,77
1614639630946,1614639638153,44
1614639638165,1614639647040,51
1614639647053,1614639651446,35
1614639651458,1614639662957,67
1614639662971,1614639669527,36
1614639669540,1614639680605,54
1614639680618,1614639686799,17
1614639686812,1614639704560,113
1614639705600,1614639716943,65
1614639716956,1614639729314,80
1614639729327,1614639739574,61
1614639739587,1614639802323,47
1614639802337,1614639820093,116
1614639820106,1614639834558,93
1614639834571,1614639915393,177
1614639915407,1614639968680,174
1614639968693,1614640042703,191
1614640042717,1614640049323,43
1614640049336,1614640056690,51
1614640056701,1614640070917,84
1614640070929,1614640103117,207
1614640103131,1614640109657,30
1614640109670,1614640118262,47
1614640118275,1614640128569,66
1614640128582,1614640141412,70
1614640141425,1614640158643,106
1614640158655,1614640186427,172
1614640186440,1614640200294,48
1614640200307,1614640231911,133
1614640231924,1614640235837,26
1614640235849,1614640254721,85
1614640254734,1614640260723,29
1614640260737,1614640271091,66
1614640271104,1614640284775,82
1614640284788,1614640290750,30
1614640290762,1614640304288,81
1614640304301,1614640311375,49
1614640311388,1614640318739,28
1614640318752,1614640327282,37
1614640327295,1614640342258,73
1614640342271,1614640352167,55
1614640352398,1614640381057,202
1614640381070,1614640386841,25
1614640386853,1614640394175,43
1614640394188,1614640403305,48
1614640403318,1614640424082,122
1614640424095,1614640434639,66
1614640434652,1614640463212,154
1614640463225,1614640477191,53
1614640477204,1614640492188,114
1614640492200,1614640498803,53
1614640498816,1614640506202,20
1614640506290,1614640601806,17
1614640601819,1614640615589,91
1614640615602,1614640625687,67
1614640625700,1614640635166,60
1614640635179,1614640640803,27
1614640640815,1614640646063,32
1614640646075,1614640654264,62
1614640654276,1614640677042,152
1614640677055,1614640686044,48
1614640686057,1614640693539,41
1614640693552,1614640739549,82
1614640739563,1614640780227,20
1614640780240,1614640785412,26
1614640785425,1614640797990,62
1614640798003,1614640855295,149
1614640855309,1614640870431,98
1614640870444,1614640880757,48
1614640880770,1614640914940,199
1614640914954,1614640937265,152
1614640937279,1614640943398,41
1614640943412,1614640958896,110
1614640958909,1614641040325,246
1614641040339,1614641050102,67
1614641050115,1614641072888,157
1614641072901,1614641090098,53
1614641090111,1614641111534,130
1614641111548,1614641126704,89
1614641126717,1614641133695,38
1614641133708,1614641145494,86
1614641145507,1614641176920,207
1614641176933,1614641180371,29
1614641180383,1614641211623,209
1614641211637,1614641216506,27
1614641216518,1614641225384,59
1614641225397,1614641241674,120
1614641241688,1614641247754,25
1614641247766,1614641263456,102
1614641263469,1614641273632,67
1614641273644,1614641286661,74
1614641286673,1614641306951,152
1614641306964,1614641313710,56
1614641313721,1614641326195,88
1614641326208,1614641378909,143
1614641378923,1614641388928,48
1614641388942,1614641412483,163
1614641412496,1614641424746,92
1614641424759,1614641436766,61
1614641436778,1614641464461,75
1614641464473,1614641473401,47
1614641473413,1614641533348,108
1614641533361,1614641540958,55
1614641540971,1614641550571,38
1614641550583,1614641572497,112
1614641572509,1614641580093,27
1614641580105,1614641604395,67
1614641604408,1614641609241,24
1614641609254,1614641615904,34
1614641615916,1614641644883,203
1614641644897,1614641663911,120
1614641663924,1614641694396,78
1614641694410,1614641707158,69
1614641707171,1614641754319,133
1614641754332,1614641790783,179
1614641790796,1614641803101,68
1614641803114,1614641814063,58
1614641814076,1614641832055,104
1614641832067,1614641861617,93
1614641861631,1614641879668,119
1614641879681,1614641886251,47
1614641886263,1614641922676,5
1614641922690,1614641929596,33
1614641929608,1614641938355,45
1614641938367,1614641948911,85
1614641948924,1614641958688,47
1614641958700,1614642004630,40
1614642004644,1614642022883,130
1614642022896,1614642033929,45
1614642033941,1614642039107,23
1614642039119,1614642047204,50
1614642047216,1614642057426,55
1614642057439,1614642060536,18
1614642060548,1614642067712,34
1614642067724,1614642077213,54
1614642077226,1614642102806,173
1614642102818,1614642108563,23
1614642108576,1614642141691,172
1614642141705,1614642151460,72
1614642151473,1614642158864,32
1614642158877,1614642179237,145
1614642179249,1614642193925,85
1614642193938,1614642198622,20
1614642198634,1614642231237,224
1614642231250,1614642248481,79
1614642248494,1614642256086,48
1614642256099,1614642262660,35
1614642262673,1614642275471,83
1614642275483,1614642300564,159
1614642300577,1614642349916,163
1614642349930,1614642355718,34
1614642355730,1614642417830,42
1614642417844,1614642448408,166
1614642448421,1614642473036,150
1614642473048,1614642485425,84
1614642485439,1614642491788,30
1614642491801,1614642505395,105
1614642505407,1614642527941,78
1614642527954,1614642552656,130
1614642552668,1614642585825,231
1614642585838,1614642592400,28
1614642592413,1614642610147,37
1614642610255,1614642625143,18
1614642625156,1614642678958,134
1614642678971,1614642690792,76
1614642690805,1614642712401,124
1614642712414,1614642719857,49
1614642719870,1614642740119,137
1614642740132,1614642752365,97
1614642752379,1614642761336,49
1614642761424,1614642814927,58
1614642814940,1614642831293,104
1614642831306,1614642840612,54
1614642840625,1614642852448,66
1614642852461,1614642864511,74
1614642864524,1614642866935,25
1614642866945,1614642872545,26
1614642872558,1614642881190,61
1614642881203,1614642889550,33
1614642889562,1614642897552,41
1614642897565,1614642916555,119
1614642916568,1614642924685,56
1614642924698,1614642940647,89
1614642940657,1614642945519,20
1614642945532,1614642955991,43
1614642956003,1614642970777,103
1614642970788,1614643023014,127
1614643023027,1614643038451,86
1614643038463,1614643052157,100
1614643052170,1614643058559,43
1614643058572,1614643070093,66
1614643070106,1614643102345,194
1614643102359,1614643120314,156
1614643120326,1614643125469,29
1614643125482,1614643137319,60
1614643137332,1614643145335,54
1614643145348,1614643182085,197
1614643182098,1614643194434,69
1614643194446,1614643199755,33
1614643199767,1614643206058,23
1614643206072,1614643210863,26
1614643210876,1614643217080,32
1614643217093,1614643224788,52
1614643224800,1614643250761,137
1614643250775,1614643256294,28
1614643256305,1614643266513,71
1614643266526,1614643281827,77
1614643281840,1614643286986,30
1614643286998,1614643298646,61
1614643298658,1614643316545,125
1614643316559,1614643321132,21
1614643321144,1614643343340,173
1614643343353,1614643352703,71
1614643352716,1614643377337,109
1614643377350,1614643412720,127
1614643412733,1614643417915,32
1614643417927,1614643432568,93
1614643432581,1614643452613,144
1614643452627,1614643461362,48
1614643461375,1614643484280,142
1614643484293,1614643493233,61
1614643493246,1614643514826,58
1614643514841,1614643529676,38
1614643529688,1614643595433,185
1614643595447,1614643601971,29
1614643601984,1614643618635,105
1614643618648,1614643648532,174
1614643648545,1614643657504,55
1614643657518,1614643720357,153
1614643720371,1614643756360,200
1614643756373,1614643765899,54
1614643765912,1614643776464,68
1614643776477,1614643786912,66
1614643786925,1614643806956,120
1614643806969,1614643853242,70
1614643853255,1614643857611,24
1614643857622,1614643863318,26
1614643863330,1614643885556,148
1614643885569,1614643906119,110
1614643906130,1614643918591,76
1614643918604,1614643928111,54
1614643928124,1614643950257,155
1614643950269,1614643965633,91
1614643965646,1614643988040,138
1614643988053,1614643993757,33
1614643993769,1614644007807,91
1614644007820,1614644019191,88
1614644019204,1614644040480,113
1614644040507,1614644050031,50
1614644050046,1614644061805,55
1614644061817,1614644070635,55
1614644070647,1614644082968,70
1614644082981,1614644111600,118
1614644111614,1614644137627,52
1614644137640,1614644144788,43
1614644144801,1614644163349,50
1614644163362,1614644177554,46
1614644177567,1614644194570,81
1614644194583,1614644208894,111
1614644208907,1614644226730,121
1614644226743,1614644233884,43
1614644233897,1614644245598,79
1614644245612,1614644254144,45
1614644254157,1614644265056,54
1614644265069,1614644283103,125
1614644283116,1614644290596,53
1614644290608,1614644314882,163
1614644314897,1614644319391,21
1614644319403,1614644335476,83
1614644335489,1614644342044,32
1614644342056,1614644366346,123
1614644366359,1614644371342,31
1614644371354,1614644385657,77
1614644385669,1614644409284,74
1614644409297,1614644467934,201
1614644467948,1614644535262,243
1614644535275,1614644553417,112
1614644553430,1614644592298,231
1614644592312,1614644600195,26
1614644600208,1614644603667,24
1614644603678,1614644613525,29
1614644613538,1614644649930,190
1614644649943,1614644654598,21
1614644654610,1614644664913,69
1614644664926,1614644673628,55
1614644673641,1614644695462,59
1614644695475,1614644726280,225
1614644726294,1614644750949,156
1614644750962,1614644756007,27
1614644756029,1614644761798,31
1614644761811,1614644774700,69
1614644774713,1614644800649,104
1614644800663,1614644822435,139
1614644822448,1614644827675,21
1614644827687,1614644854144,214
1614644854159,1614644870119,107
1614644870132,1614644882303,61
1614644882315,1614644917384,117
1614644917397,1614644956425,153
1614644956438,1614645009041,76
1614645009055,1614645023592,100
1614645023606,1614645027751,23
1614645027762,1614645033612,25
1614645033625,1614645040449,49
1614645040461,1614645073741,169
1614645073799,1614645153673,4
1614645153687,1614645205890,221
1614645205903,1614645263653,133
1614645263667,1614645332527,177
1614645332540,1614645343152,80
1614645343165,1614645373954,90
1614645373967,1614645391668,127
1614645391681,1614645397150,31
1614645397162,1614645405242,54
1614645405255,1614645412219,40
1614645412232,1614645441345,171
1614645441359,1614645456982,113
1614645456994,1614645465187,51
1614645465200,1614645576701,14
1614645576715,1614645587016,65
1614645587029,1614645592917,22
1614645592929,1614645643283,121
1614645643297,1614645674724,251
1614645674737,1614645685714,34
1614645685727,1614645691148,32
1614645691160,1614645706008,94
1614645706021,1614645758028,102
1614645758042,1614645790615,139
1614645790628,1614645810291,111
1614645810304,1614645831426,150
1614645831438,1614645866160,144
1614645866173,1614645872570,45
1614645872582,1614645878550,21
1614645878562,1614645885241,42
1614645885253,1614645905350,139
1614645905363,1614645910763,22
1614645910774,1614645927380,41
1614645927393,1614645946470,118
1614645946483,1614645970394,100
1614645970406,1614645977109,41
1614645977121,1614646027807,214
1614646027820,1614646033205,34
1614646033490,1614646057695,163
1614646057708,1614646091361,119
1614646091375,1614646122287,223
1614646122301,1614646140227,122
1614646140240,1614646173233,237
1614646173248,1614646184647,69
1614646184660,1614646198220,45
1614646198233,1614646210545,20
1614646210558,1614646293180,102
1614646293193,1614646305385,71
1614646305398,1614646333192,105
1614646333205,1614646337886,28
1614646337899,1614646417070,22
1614646417084,1614646424532,41
1614646424544,1614646448639,153
1614646448652,1614646468136,145
1614646468149,1614646478042,60
1614646478055,1614646497373,129
1614646497386,1614646506304,54
1614646506316,1614646512379,25
1614646512432,1614646526539,101
1614646526552,1614646535963,58
1614646535975,1614646574489,49
1614646574503,1614646592724,119
1614646592736,1614646621904,146
1614646621917,1614646657754,185
1614646657768,1614646665571,41
1614646665583,1614646674605,33
1614646674617,1614646706428,207
1614646706441,1614646715740,60
1614646715753,1614646743538,167
1614646743551,1614646749951,31
1614646749964,1614646769246,105
1614646769259,1614646774679,23
1614646774691,1614646786339,60
1614646786352,1614646797920,67
1614646797933,1614646805830,55
1614646805844,1614646810856,25
1614646810868,1614646827853,112
1614646827866,1614646836808,61
1614646836821,1614646855087,120
1614646855100,1614646871439,84
1614646871452,1614646884484,85
1614646884497,1614646952293,207
1614646952307,1614646958337,33
1614646958350,1614646973274,85
1614646973287,1614646978105,28
1614646978117,1614647017388,158
1614647017402,1614647024852,41
1614647024866,1614647032169,52
1614647032181,1614647038942,38
1614647038954,1614647053093,88
1614647053105,1614647065681,64
1614647065694,1614647106895,165
1614647106909,1614647128585,32
1614647128598,1614647144233,89
1614647144244,1614647157710,89
1614647157722,1614647166277,60
1614647166289,1614647250706,240
1614647250719,1614647279561,235
1614647279574,1614647311769,214
1614647311783,1614647338076,158
1614647338089,1614647367173,184
1614647367186,1614647394912,156
1614647394925,1614647416898,148
1614647416911,1614647438167,89
1614647438180,1614647454592,112
1614647454605,1614647461530,45
1614647461543,1614647469182,48
1614647469194,1614647497210,161
1614647497223,1614647504938,35
1614647504952,1614647529837,183
1614647529851,1614647536363,19
1614647536376,1614647542333,28
1614647542345,1614647567346,135
1614647567358,1614647583230,93
1614647583243,1614647588539,28
1614647588551,1614647599293,63
1614647599306,1614647610993,74
1614647611006,1614647616040,19
1614647616052,1614647624513,44
1614647624526,1614647665017,228
1614647665031,1614647720797,31
1614647720810,1614647750220,155
1614647750232,1614647757545,72
1614647757558,1614647761898,26
1614647761910,1614647786282,134
1614647786295,1614647799207,70
1614647799219,1614647828620,197
1614647828633,1614647848288,148
1614647848301,1614647858235,61
1614647858248,1614647872270,105
1614647872282,1614647890636,118
1614647890648,1614647900680,65
1614647900693,1614647932628,166
1614647932644,1614647941799,60
1614647941812,1614647957869,78
1614647957882,1614647976289,111
1614647976302,1614647982463,29
1614647982476,1614648037182,126
1614648037196,1614648080332,225
1614648080346,1614648120637,1
1614648120650,1614648125350,49
1614648125362,1614648133628,43
1614648133640,1614648154082,150
1614648154095,1614648166781,84
1614648166794,1614648172904,44
1614648172917,1614648194050,98
1614648194064,1614648236352,204
1614648236365,1614648250517,99
1614648250529,1614648263958,90
1614648263971,1614648276245,73
1614648276258,1614648287342,88
1614648287354,1614648365168,7
1614648365182,1614648382825,113
1614648382838,1614648390210,28
1614648390223,1614648399751,59
1614648399764,1614648416203,97
1614648416215,1614648421179,24
1614648421191,1614648473619,59
1614648473633,1614648479519,25
1614648479532,1614648519690,1
1614648519703,1614648540863,134
1614648540877,1614648549287,33
1614648549300,1614648558292,71
1614648558304,1614648566521,51
1614648566533,1614648571635,21
1614648571649,1614648577016,31
1614648577028,1614648591819,82
1614648591832,1614648599141,40
1614648599154,1614648614426,100
1614648614439,1614648622874,47
1614648622887,1614648642779,87
1614648642791,1614648663516,131
1614648663528,1614648682180,135
1614648682193,1614648703121,165
1614648703134,1614648712353,55
1614648712365,1614648728414,113
1614648728427,1614648762037,218
1614648762049,1614648773701,51
1614648773713,1614648802094,58
1614648802107,1614648879109,208
1614648879121,1614648886228,40
1614648886240,1614648892673,24
1614648892685,1614648938723,118
1614648938736,1614648944040,33
1614648944052,1614648953812,41
1614648953825,1614648966413,79
1614648966427,1614648971685,21
1614648971697,1614648976289,24
1614648976301,1614648985612,78
1614648985625,1614649002528,126
1614649002541,1614649021992,126
1614649022005,1614649042577,133
1614649042590,1614649054709,67
1614649054721,1614649065495,75
1614649065508,1614649076294,61
1614649076307,1614649084931,67
1614649084944,1614649093458,71
1614649093470,1614649112617,112
1614649112630,1614649120468,43
1614649120481,1614649157661,215
1614649157675,1614649165592,47
1614649165604,1614649170072,18
1614649170084,1614649180138,57
1614649180151,1614649188058,51
1614649188071,1614649223825,211
1614649223838,1614649228991,20
1614649229003,1614649239675,68
1614649239688,1614649246302,34
1614649246314,1614649260300,90
1614649260314,1614649265677,26
1614649265690,1614649275751,61
1614649275763,1614649293184,56
1614649293196,1614649316231,157
1614649316244,1614649347028,124
1614649347051,1614649360766,76
1614649360779,1614649367606,26
1614649367618,1614649379391,82
1614649379404,1614649387018,46
1614649387030,1614649404227,83
1614649404240,1614649420435,97
1614649420448,1614649433749,58
1614649433761,1614649456310,177
1614649456323,1614649471811,99
1614649471823,1614649486651,81
1614649486663,1614649544063,226
1614649544076,1614649561447,106
1614649561460,1614649569566,45
1614649569578,1614649578193,38
1614649578206,1614649587014,65
1614649587302,1614649636897,127
1614649636911,1614649656740,125
1614649656753,1614649666987,64
1614649666999,1614649674319,54
1614649674332,1614649689810,84
1614649689823,1614649696620,41
1614649696632,1614649701164,23
1614649701177,1614649712444,31
1614649712456,1614649720841,67
1614649720854,1614649727329,44
1614649727342,1614649734759,52
1614649734772,1614649750214,87
1614649750227,1614649759069,45
1614649759082,1614649768536,56
1614649768549,1614649780229,54
1614649780242,1614649872972,99
1614649872986,1614649881746,57
1614649881758,1614649901344,106
1614649901357,1614649906912,31
1614649906924,1614649914793,52
1614649914805,1614649927461,61
1614649927474,1614649946320,46
1614649946334,1614649959891,94
1614649959905,1614649989223,181
1614649989236,1614650009039,46
1614650009052,1614650094454,2
1614650094468,1614650098579,37
1614650098590,1614650104364,30
1614650104377,1614650115515,67
1614650115528,1614650124594,45
1614650124606,1614650128843,17
1614650128854,1614650135488,28
1614650135500,1614650140876,29
1614650140889,1614650152239,63
1614650152251,1614650159517,49
1614650159530,1614650177449,71
1614650177462,1614650205065,185
1614650205077,1614650220144,94
1614650220157,1614650225284,22
1614650225296,1614650239481,101
1614650239493,1614650252205,66
1614650252218,1614650269852,116
1614650269864,1614650285431,77
1614650285445,1614650296678,45
1614650296690,1614650301915,27
1614650301981,1614650319243,99
1614650319256,1614650339678,144
1614650339691,1614650370191,215
1614650370204,1614650382052,78
1614650382065,1614650395355,75
1614650395368,1614650407326,75
1614650407340,1614650422747,88
1614650422760,1614650436307,55
1614650436321,1614650438403,14
1614650438414,1614650448697,66
1614650448710,1614650470506,122
1614650470520,1614650488354,109
1614650488367,1614650494073,35
1614650494085,1614650570818,142
1614650570831,1614650632744,40
1614650632758,1614650642653,65
1614650642665,1614650647437,17
1614650647449,1614650651982,20
1614650651994,1614650672695,105
1614650672708,1614650688641,85
1614650688654,1614650697403,48
1614650697416,1614650718258,70
1614650718271,1614650730295,28
1614650730307,1614650747361,100
1614650747374,1614650752196,27
1614650752208,1614650771699,96
1614650771712,1614650784270,80
1614650784282,1614650802814,128
1614650802827,1614650812777,58
1614650812789,1614650822240,52
1614650822252,1614650827027,32
1614650827040,1614650836817,67
1614650836830,1614650916182,74
1614650916196,1614650921815,32
1614650921827,1614650933361,71
1614650933373,1614650942952,69
1614650942964,1614650955114,77
1614650955127,1614650970946,99
1614650970959,1614651001738,114
1614651001752,1614651008850,41
1614651008863,1614651027455,77
1614651027467,1614651040144,86
1614651040157,1614651049060,53
1614651049073,1614651054584,26
1614651054596,1614651069086,94
1614651069099,1614651073814,28
1614651073826,1614651085941,62
1614651085955,1614651100890,85
1614651100903,1614651108129,46
1614651108142,1614651124186,49
1614651124199,1614651129286,32
1614651129299,1614651134389,29
1614651134402,1614651191174,254
1614651191188,1614651196643,27
1614651196655,1614651200574,11
1614651200586,1614651211299,55
1614651211311,1614651225807,50
1614651225820,1614651237917,66
1614651237930,1614651261933,152
1614651261946,1614651344957,35
1614651344971,1614651355549,49
1614651355562,1614651362036,38
1614651362048,1614651379973,86
1614651379986,1614651391556,56
1614651391568,1614651395965,23
1614651395976,1614651403680,42
1614651403693,1614651425579,119
1614651425593,1614651459293,198
1614651459306,1614651480093,111
1614651480105,1614651494427,92
1614651494441,1614651525922,214
1614651525935,1614651532688,36
1614651532700,1614651542694,51
1614651542706,1614651555270,91
1614651555284,1614651563441,37
1614651563455,1614651572835,59
1614651572847,1614651598879,139
1614651598892,1614651648445,126
1614651648458,1614651656949,51
1614651656961,1614651664241,54
1614651664253,1614651674337,35
1614651674350,1614651701711,142
1614651701724,1614651723196,165
1614651723209,1614651736894,82
1614651736907,1614651772224,253
1614651772237,1614651782484,60
1614651782497,1614651789061,36
1614651789074,1614651830352,146
1614651830365,1614651848711,55
1614651848724,1614651877720,142
1614651877734,1614651889361,69
1614651889374,1614651975806,54
1614651975820,1614651982025,39
1614651982037,1614651988016,40
1614651988029,1614651992678,23
1614651992690,1614651999041,30
1614651999052,1614652005440,27
1614652005486,1614652012210,36
1614652012223,1614652022387,60
1614652022399,1614652105602,230
1614652105615,1614652117716,74
1614652117729,1614652123965,33
1614652123977,1614652142895,113
1614652142908,1614652147205,21
1614652147217,1614652155694,39
1614652155706,1614652168982,101
1614652168995,1614652182052,68
1614652182065,1614652188332,40
1614652188345,1614652217146,89
1614652217160,1614652229401,74
1614652229414,1614652257478,145
1614652257491,1614652270065,101
1614652270077,1614652278468,62
1614652278481,1614652326345,2
1614652326357,1614652342260,104
1614652342273,1614652355324,53
1614652355338,1614652372165,49
1614652372177,1614652409872,101
1614652409886,1614652419893,47
1614652419905,1614652432701,56
1614652432714,1614652491339,124
1614652491353,1614652497502,26
1614652497515,1614652518486,61
1614652518499,1614652548208,115
1614652548221,1614652556282,43
1614652556295,1614652566511,53
1614652566524,1614652585478,123
1614652585491,1614652592527,46
1614652592539,1614652598914,42
1614652598926,1614652610198,70
1614652610211,1614652615381,29
1614652615393,1614652632962,100
1614652632975,1614652666465,166
1614652666478,1614652727940,247
1614652727954,1614652763016,170
1614652763028,1614652791937,180
1614652791951,1614652799259,57
1614652799271,1614652821662,67
1614652821674,1614652836287,91
1614652836301,1614652851344,104
1614652851357,1614652888651,43
1614652888665,1614652911769,141
1614652911781,1614652923634,79
1614652923647,1614652929480,32
1614652929492,1614652934511,36
1614652934523,1614652942513,40
1614652942525,1614652953150,79
1614652953163,1614652968588,89
1614652968600,1614653018942,130
1614653018955,1614653025897,32
1614653025909,1614653036555,54
1614653036568,1614653041675,24
1614653041759,1614653051479,49
1614653051491,1614653061290,30
1614653061303,1614653084776,151
1614653084789,1614653163257,97
1614653163271,1614653170350,48
1614653170530,1614653181859,91
1614653181872,1614653191155,54
1614653191168,1614653273334,254
1614653273348,1614653290421,95
1614653290434,1614653296647,37
1614653296716,1614653370312,83
1614653370325,1614653385948,73
1614653385960,1614653449627,128
1614653449641,1614653476716,157
1614653476729,1614653520247,41
1614653520260,1614653530768,53
1614653530781,1614653551399,134
1614653551413,1614653559749,46
1614653559762,1614653565497,39
1614653565509,1614653574822,46
1614653574835,1614653610814,147
1614653610828,1614653620118,51
1614653620131,1614653631933,97
1614653631945,1614653637546,19
1614653637558,1614653657594,142
1614653657607,1614653662632,36
1614653662644,1614653687727,113
1614653687740,1614653695762,50
1614653695775,1614653702663,27
1614653702676,1614653708719,42
1614653708732,1614653732793,153
1614653732805,1614653748200,93
1614653748213,1614653770265,90
1614653770278,1614653781238,72
1614653781251,1614653786888,29
1614653786900,1614653791734,25
1614653791747,1614653826373,230
1614653826387,1614653839684,83
1614653839696,1614653851856,82
1614653851868,1614653909649,174
1614653909663,1614653939983,181
1614653939996,1614653960639,125
1614653960651,1614653970012,63
1614653970025,1614653975004,27
1614653975016,1614653989669,94
1614653989682,1614654001274,57
1614654001287,1614654068821,149
1614654068836,1614654247897,99
1614654247911,1614654261347,79
1614654261360,1614654286613,187
1614654286627,1614654310545,144
1614654310559,1614654333232,43
1614654333245,1614654340780,47
1614654340792,1614654349305,47
1614654349318,1614654371726,158
1614654371739,1614654388936,105
1614654388950,1614654395130,35
1614654395143,1614654402658,46
1614654402671,1614654416164,88
