1614782181899,1614782274028,69
1614782274040,1614783158943,247
1614783158960,1614783304143,200
1614783304157,1614783364996,141
1614783365009,1614783684968,125
1614783684982,1614784102859,192
1614784102874,1614784116743,53
1614784116756,1614784543750,2
1614784543766,1614784683562,173
1614784683574,1614784726950,150
1614784726964,1614785149703,238
1614785149719,1614785830487,127
1614785830504,1614785872194,110
1614785872207,1614785909932,104
1614785909946,1614785932447,86
1614785932460,1614785986135,154
1614785986149,1614786088271,220
1614786088285,1614786134902,174
1614786134915,1614786150106,52
1614786150118,1614786207413,197
1614786207427,1614786301538,250
1614786301552,1614787106253,174
1614787106270,1614787269316,239
1614787269330,1614787398314,37
1614787398328,1614787467134,222
1614787467147,1614787668736,13
1614787668750,1614788660210,179
1614788660231,1614788751247,80
1614788751260,1614788872709,153
1614788872723,1614788957942,77
1614788957954,1614788984144,120
1614788984157,1614789398973,209
1614789398987,1614789547959,184
1614789547973,1614789608899,205
1614789608913,1614790199783,153
1614790199797,1614790396705,159
1614790396718,1614791016273,83
1614791016287,1614791174296,214
1614791174310,1614791493634,201
1614791493649,1614791678994,250
1614791679007,1614792143343,129
1614792143359,1614792277853,190
1614792277867,1614792303017,100
1614792303029,1614792454739,185
1614792454763,1614792468408,56
1614792468421,1614792657422,118
1614792657436,1614792756620,20
1614792756633,1614793072261,35
1614793072275,1614793320576,168
1614793320590,1614793371044,175
1614793371057,1614793568414,121
1614793568428,1614793665842,69
1614793665857,1614793944194,239
1614793944209,1614794230913,161
1614794230925,1614794613638,4
1614794613652,1614794945720,137
1614794945733,1614795093257,236
1614795093271,1614795124614,87
1614795124627,1614795863504,161
1614795863521,1614796496021,213
1614796496036,1614796708806,217
1614796708819,1614797723065,229
1614797723090,1614797887639,47
1614797887652,1614797991441,97
1614797991454,1614798246600,93
1614798246614,1614799027264,44
1614799027291,1614799426247,194
1614799426264,1614800063394,139
1614800063411,1614800764061,1
1614800764077,1614800959463,147
1614800959484,1614801735399,23
1614801735415,1614802891505,112
1614802891531,1614802972895,189
1614802972908,1614803337183,255
1614803337199,1614803545741,149
1614803545754,1614804285978,129
1614804285994,1614804517085,10
1614804517096,1614804840845,6
1614804840858,1614804992868,20
1614804992881,1614805095741,78
1614805095754,1614805309788,179
1614805309803,1614805684104,202
1614805684122,1614805972201,80
1614805972214,1614805990029,73
1614805990041,1614806140952,211
1614806140963,1614806384726,205
1614806384739,1614806522251,239
1614806522264,1614806618711,62
1614806618724,1614808209019,39
1614808209035,1614808765005,245
1614808765023,1614808874710,58
1614808874724,1614809146319,139
1614809146333,1614811439129,199
1614811439142,1614811497983,182
1614811497996,1614811619917,21
1614811619930,1614811688370,233
1614811688384,1614812181143,71
1614812181157,1614813080700,138
1614813080717,1614813107026,88
1614813107039,1614813172196,169
1614813172208,1614813494761,120
1614813494775,1614813650092,30
1614813650105,1614813837052,98
1614813837067,1614814642158,199
1614814642176,1614814692916,126
1614814692929,1614814901732,53
1614814901745,1614814963302,194
1614814963315,1614815180402,221
1614815180416,1614815466018,244
1614815466032,1614815746793,248
1614815746806,1614815840126,33
1614815840140,1614815943217,41
1614815943231,1614816420022,120
1614816420035,1614816661553,49
1614816661567,1614816715798,116
1614816715812,1614816843964,191
1614816843977,1614820065586,230
1614820065599,1614820247752,17
1614820247766,1614820357022,147
1614820357034,1614820885382,85
1614820885400,1614821540686,198
1614821540699,1614821980313,53
1614821980330,1614822202843,101
1614822202857,1614822563889,128
1614822563905,1614822720653,220
1614822720668,1614822770443,137
1614822770457,1614822974982,128
1614822974996,1614823063960,28
1614823063973,1614823185193,10
1614823185207,1614823314485,29
1614823314499,1614823340519,102
1614823340532,1614823417919,153
1614823417933,1614823437775,90
1614823437788,1614823627797,104
1614823627810,1614823871627,56
1614823871641,1614824447833,246
1614824447850,1614824472989,99
1614824473002,1614824497000,72
1614824497014,1614824804014,162
1614824804028,1614825630868,26
1614825630896,1614825763869,192
1614825763882,1614825835351,244
1614825835364,1614825914604,11
1614825914617,1614825978576,200
1614825978590,1614826134565,131
1614826134580,1614826203335,181
1614826203350,1614826346072,245
1614826346085,1614826456736,112
1614826456749,1614826818705,95
1614826818722,1614826934151,124
1614826934165,1614827703025,162
1614827703053,1614827898379,107
1614827898392,1614828090775,181
1614828090788,1614828289661,240
1614828289674,1614828430502,103
1614828430515,1614828897867,253
1614828897880,1614831707926,2
1614831707950,1614831758106,109
1614831758119,1614831768892,41
1614831768905,1614834017120,20
1614834017137,1614834044742,106
1614834044755,1614834100370,178
1614834100385,1614834120472,87
1614834120485,1614834147537,115
1614834147550,1614834380968,77
1614834380982,1614835019786,166
1614835019803,1614835302518,5
1614835302532,1614835374087,171
1614835374100,1614835818038,135
1614835818054,1614835833705,70
1614835833718,1614835920172,255
1614835920186,1614836586919,203
1614836586935,1614837562615,185
1614837562628,1614837585679,88
1614837585692,1614837682974,214
1614837682988,1614837882681,33
1614837882694,1614838244867,219
1614838244884,1614838292363,163
1614838292376,1614838336917,174
1614838336930,1614838612627,8
1614838612640,1614838773115,45
1614838773127,1614839492102,98
1614839492118,1614839582469,216
1614839582482,1614839609377,64
1614839609390,1614840027425,255
1614840027446,1614840118733,94
1614840118747,1614840246030,152
1614840246044,1614841212907,207
1614841212924,1614841739761,22
1614841739778,1614841914362,4
1614841914375,1614842071724,231
1614842071738,1614842492374,216
1614842492390,1614842612274,37
1614842612288,1614842930144,18
1614842930157,1614843342108,76
1614843342120,1614843536749,119
1614843536763,1614843688097,207
1614843688111,1614844542622,208
1614844542638,1614844752481,40
1614844752495,1614845044513,15
1614845044527,1614845143037,253
1614845143050,1614845330877,117
1614845330890,1614845458841,203
1614845458855,1614845615538,27
1614845615550,1614845658171,142
1614845658184,1614845941541,89
1614845941554,1614845994006,167
1614845994020,1614846046323,90
1614846046337,1614846848820,68
1614846848838,1614847844107,140
1614847844135,1614847864152,89
1614847864164,1614848923271,83
1614848923287,1614849433254,142
1614849433271,1614849837600,122
1614849837616,1614850094198,35
1614850094212,1614850480550,32
1614850480563,1614850663260,7
1614850663274,1614850677985,65
1614850677998,1614850926830,43
1614850926844,1614851092195,221
1614851092209,1614851553638,249
1614851553655,1614851696663,3
1614851696676,1614851825745,197
1614851825759,1614852444781,91
1614852444793,1614852610691,141
1614852610705,1614853481648,174
1614853481663,1614854114910,73
1614854114926,1614854154072,95
1614854154084,1614854871659,133
1614854871676,1614855463318,80
1614855463334,1614856638838,143
1614856638855,1614856678609,63
1614856678622,1614856860063,203
1614856860076,1614856959672,36
1614856959686,1614857614567,104
1614857614585,1614857839217,184
1614857839247,1614858227371,62
1614858227388,1614858754043,189
1614858754059,1614858838486,254
1614858838501,1614858873892,118
1614858873906,1614859242931,200
1614859242948,1614859407746,233
1614859407760,1614859837767,85
1614859837783,1614860125659,250
1614860125672,1614860537711,197
1614860537726,1614860574712,125
1614860574725,1614860676938,47
1614860676952,1614861282635,198
1614861282652,1614861369089,241
1614861369103,1614862740285,47
1614862740312,1614863797259,60
1614863797273,1614863907934,90
1614863907948,1614864268887,186
1614864268901,1614864544702,3
1614864544716,1614864564079,82
1614864564090,1614864616792,156
1614864616805,1614864722133,67
1614864722146,1614864804944,145
1614864804958,1614864882015,4
1614864882028,1614865505587,31
1614865505603,1614865589469,41
1614865589483,1614865984161,63
1614865984178,1614866109937,146
1614866109950,1614866419559,246
1614866419572,1614866628112,198
1614866628334,1614866696563,228
1614866696576,1614866828773,116
1614866828787,1614867073837,156
1614867073850,1614867360335,33
1614867360349,1614867525952,5
1614867525965,1614867896298,201
1614867896314,1614867955407,145
1614867955420,1614867987006,126
1614867987020,1614868409615,103
1614868409633,1614868570198,132
1614868570212,1614868973229,129
1614868973245,1614869149255,204
1614869149269,1614869332412,155
1614869332424,1614869784534,210
1614869784551,1614870060831,9
