1614643454914,1614643473757,41
1614643473768,1614643549060,193
1614643549073,1614643639553,213
1614643639565,1614643652014,46
1614643652025,1614643978281,232
1614643978296,1614643985120,54
1614643985131,1614644042787,46
1614644042799,1614644093989,178
1614644094001,1614644173567,29
1614644173580,1614644235190,67
1614644235202,1614644315329,172
1614644315341,1614644351520,216
1614644351532,1614644392244,178
1614644392257,1614644423099,131
1614644423113,1614644431413,57
1614644431424,1614644465737,207
1614644465749,1614644525460,24
1614644525472,1614644536163,49
1614644536176,1614644572786,182
1614644572800,1614644676756,133
1614644676768,1614644693410,97
1614644693422,1614644702775,52
1614644702786,1614644789687,180
1614644789701,1614644814745,150
1614644814757,1614645083637,216
1614645083650,1614645137765,38
1614645137777,1614645167565,31
1614645167578,1614645196334,41
1614645196344,1614645209871,76
1614645209883,1614645248324,68
1614645248337,1614645276295,161
1614645276307,1614645298891,106
1614645298903,1614645339290,187
1614645339303,1614645377328,71
1614645377340,1614645388486,58
1614645388499,1614645417672,50
1614645417684,1614645456393,198
1614645456405,1614645513164,70
1614645513176,1614645520460,43
1614645520472,1614645550529,161
1614645550541,1614645570213,109
1614645570224,1614645586682,78
1614645586695,1614645614915,141
1614645614929,1614645625405,37
1614645625418,1614645633768,42
1614645633779,1614645663234,67
1614645663320,1614645812514,231
1614645812526,1614645867571,68
1614645867583,1614645892237,54
1614645892248,1614645983575,236
1614645983587,1614646012815,19
1614646012828,1614646033830,112
1614646033842,1614646152811,134
1614646152823,1614646185917,108
1614646185930,1614646207375,65
1614646207387,1614646333967,253
1614646333980,1614646592933,217
1614646592946,1614646685250,148
1614646685262,1614646795203,122
1614646795214,1614646816423,97
1614646816436,1614646852783,219
1614646852795,1614646909166,245
1614646909178,1614646929081,72
1614646929093,1614646997008,163
1614646997022,1614647007620,63
1614647007631,1614647097003,72
1614647097016,1614647131808,36
1614647131822,1614647372819,200
1614647372831,1614647513936,66
1614647513948,1614647558814,99
1614647558826,1614647625833,171
1614647625845,1614647674659,240
1614647674673,1614647694865,69
1614647694877,1614647752226,14
1614647752238,1614647811703,210
1614647811716,1614647839026,135
1614647839037,1614647970823,166
1614647970836,1614648011959,38
1614648011973,1614648256261,61
1614648256272,1614648427873,104
1614648427886,1614648438563,77
1614648438574,1614648459291,56
1614648459305,1614648481646,164
1614648481657,1614648501368,36
1614648501380,1614648591577,141
1614648591589,1614648604100,22
1614648604112,1614648643484,49
1614648643496,1614648691088,34
1614648691101,1614648811565,163
1614648811578,1614648942143,173
1614648942156,1614649112131,148
1614649112144,1614649173017,123
1614649173030,1614649278073,124
1614649278087,1614649295378,44
1614649295390,1614649355039,82
1614649355053,1614649447099,222
1614649447112,1614649472808,51
1614649472820,1614649502685,75
1614649502696,1614649656268,99
1614649656279,1614649802334,225
1614649802347,1614649831221,98
1614649831232,1614649939550,98
1614649939563,1614650040054,81
1614650040066,1614650052247,41
1614650052260,1614650091348,41
1614650091359,1614650271045,118
1614650271059,1614650395060,64
1614650395072,1614650426261,102
1614650426274,1614650475027,132
1614650475039,1614650618707,184
1614650618720,1614650802621,3
1614650802633,1614650869951,103
1614650869963,1614650883504,81
1614650883515,1614650973956,59
1614650973968,1614651006108,47
1614651007047,1614651075172,91
1614651075184,1614651108312,236
1614651108324,1614651179569,47
1614651179582,1614651229915,88
1614651229928,1614651315290,242
1614651315303,1614651333379,56
1614651333391,1614651418079,165
1614651418091,1614651435426,63
1614651435437,1614651488617,79
1614651488630,1614651627368,204
1614651627381,1614651742601,107
1614651742613,1614651782453,44
1614651782464,1614651900716,79
1614651900729,1614651973989,234
1614651974002,1614651982454,23
1614651982466,1614652051897,196
1614652051908,1614652057513,41
1614652057523,1614652072296,105
1614652072307,1614652115430,106
1614652115441,1614652206647,118
1614652206660,1614652270880,168
1614652270891,1614652530241,117
1614652530253,1614652554449,130
1614652554460,1614652564514,29
1614652564525,1614652575365,28
1614652575376,1614652764394,125
1614652764407,1614652784471,23
1614652784483,1614652826732,167
1614652826745,1614652910288,55
1614652910300,1614652994368,81
1614652994381,1614653046773,127
1614653046785,1614653114577,172
1614653114591,1614653148620,144
1614653148633,1614653300875,222
1614653300888,1614653355773,61
1614653355785,1614653414900,182
1614653414912,1614653548212,186
1614653548223,1614653577869,124
1614653577882,1614653591874,92
1614653591886,1614653731118,193
1614653731130,1614653812508,203
1614653812520,1614653858938,93
1614653858950,1614653915188,52
1614653915199,1614653963963,53
1614653963976,1614654159877,143
1614654159890,1614654281141,7
1614654281154,1614654346124,90
1614654346137,1614654377311,42
1614654377323,1614654410961,138
1614654410974,1614654419815,64
1614654419827,1614654624898,19
1614654624912,1614654664898,91
1614654664911,1614654788473,104
1614654788486,1614654798898,66
1614654798910,1614654940216,207
1614654940228,1614655080628,82
1614655080640,1614655103887,35
1614655103899,1614655346279,195
1614655346293,1614655400312,26
1614655400324,1614655449364,235
1614655449378,1614655667081,84
1614655667093,1614655755466,62
1614655755480,1614655811460,96
1614655811473,1614655842308,38
1614655842321,1614655941143,80
1614655941156,1614656007209,125
1614656007221,1614656044411,220
1614656044422,1614656059800,81
1614656059811,1614656163929,66
1614656163942,1614656282461,167
1614656282473,1614656402665,82
1614656402677,1614656511402,233
1614656511415,1614656591247,213
1614656591260,1614656638328,73
1614656638340,1614656668834,35
1614656668845,1614656688939,70
1614656688951,1614656716080,187
1614656716091,1614656757208,47
1614656757219,1614656804450,36
1614656804462,1614656822269,96
1614656822281,1614656831116,55
1614656831128,1614656919656,195
1614656919668,1614656996430,131
1614656996442,1614657004867,59
1614657004880,1614657362482,146
1614657362499,1614657487962,114
1614657487974,1614657556740,151
1614657556751,1614657630936,206
1614657630949,1614657714249,7
1614657714262,1614657723836,58
1614657723847,1614657745252,92
1614657745263,1614657874702,47
1614657874714,1614657976111,138
1614657976123,1614657981154,44
1614657981165,1614658051091,106
1614658051104,1614658094356,241
1614658094368,1614658104295,70
1614658104306,1614658175443,185
1614658175455,1614658228459,72
1614658228470,1614658268422,180
1614658268435,1614658274095,43
1614658274106,1614658390257,208
1614658390270,1614658458470,213
1614658458483,1614658591153,168
1614658591165,1614658674164,214
1614658674176,1614658689368,82
1614658689381,1614658705424,104
1614658705434,1614658741995,110
1614658742008,1614658805596,82
1614658805610,1614658865703,59
1614658865716,1614658997544,228
1614658997557,1614659200247,147
1614659200260,1614659225878,82
1614659225891,1614659265292,76
1614659265305,1614659302823,157
1614659302835,1614659316866,88
1614659316878,1614659367043,104
1614659367055,1614659446491,62
1614659446503,1614659614114,162
1614659614126,1614659632163,85
1614659632174,1614659657576,25
1614659657588,1614659690575,108
1614659690587,1614659777809,251
1614659777822,1614659866353,150
1614659866366,1614659907105,68
1614659907117,1614660044520,131
1614660044534,1614660081021,130
1614660081033,1614660104660,138
1614660104672,1614660232629,115
1614660232642,1614660242460,64
1614660242471,1614660301560,134
1614660301573,1614660318959,76
1614660318971,1614660325692,39
1614660325703,1614660415309,70
1614660415321,1614660424157,46
1614660424168,1614660476461,68
1614660476473,1614660559311,65
1614660559324,1614660567073,35
1614660567084,1614660596890,29
1614660596902,1614660602978,23
1614660602988,1614660707629,171
1614660707640,1614660716988,66
1614660717001,1614660755964,81
1614660755976,1614660807245,167
1614660807258,1614660869088,67
1614660869100,1614660878497,50
1614660878508,1614661023197,101
1614661023209,1614661163316,218
1614661163329,1614661281121,45
1614661281134,1614661528676,151
1614661528688,1614661587229,212
1614661587241,1614661668962,118
1614661668975,1614661762448,80
1614661762461,1614661816072,176
1614661816085,1614662039274,103
1614662039286,1614662088098,52
1614662088112,1614662139666,146
1614662139678,1614662178569,126
1614662178580,1614662198616,89
1614662198628,1614662204100,31
1614662204111,1614662230490,93
1614662230501,1614662269828,66
1614662269841,1614662413951,237
1614662413964,1614662441330,35
1614662441341,1614662580675,6
1614662580687,1614662584794,31
1614662584805,1614662616666,56
1614662616678,1614662627555,41
1614662627566,1614662738086,26
1614662738099,1614662806186,159
1614662806198,1614662970179,148
1614662970192,1614663052124,11
1614663052137,1614663114866,14
1614663114878,1614663218632,114
1614663218644,1614663334666,116
1614663334678,1614663452516,146
1614663452529,1614663483160,177
1614663483173,1614663612031,76
1614663612045,1614663708809,216
1614663708821,1614663725927,42
1614663725939,1614663738503,95
1614663738514,1614663802544,196
1614663802556,1614663882353,69
1614663882366,1614663893121,71
1614663893132,1614664004451,169
1614664004464,1614664022949,39
1614664022961,1614664037034,69
1614664037045,1614664097202,169
1614664097214,1614664128136,27
1614664128147,1614664304326,152
1614664304340,1614664395272,73
1614664395284,1614664480814,18
1614664480826,1614664498592,88
1614664498604,1614664529630,117
1614664529642,1614664583931,217
1614664583943,1614664612601,205
1614664612612,1614664673634,193
1614664673647,1614664743934,149
1614664743946,1614664755426,26
1614664755439,1614664772178,47
1614664772190,1614664955318,72
1614664955332,1614665003279,100
1614665003291,1614665207959,122
1614665207973,1614665241824,203
1614665241836,1614665529937,171
1614665529949,1614665662213,229
1614665662225,1614665676363,82
1614665676376,1614665719563,193
1614665719575,1614665758839,254
1614665758850,1614665790294,60
1614665790304,1614665815432,141
1614665815444,1614665824796,53
1614665824807,1614665880034,44
1614665880048,1614665954203,235
1614665954216,1614665962936,27
1614665962947,1614666005540,62
1614666005554,1614666036941,100
1614666036953,1614666144974,95
1614666144987,1614666156698,34
1614666156709,1614666279153,168
1614666279165,1614666308449,32
1614666308460,1614666385491,91
1614666385502,1614666400561,96
1614666400571,1614666482855,163
1614666482868,1614666523061,133
1614666523074,1614666633489,46
1614666633502,1614666673899,102
1614666673909,1614666687737,94
1614666687748,1614666695398,40
1614666695411,1614666729276,61
1614666729288,1614666763573,40
1614666763585,1614666822134,37
1614666822146,1614667070301,18
1614667070314,1614667114484,239
1614667114497,1614667207710,151
1614667207724,1614667314894,103
1614667314908,1614667333749,88
1614667333761,1614667353236,23
1614667353247,1614667392458,148
1614667392470,1614667452337,98
1614667452348,1614667498162,63
1614667498174,1614667567529,121
1614667567542,1614667618341,133
1614667618354,1614667635521,110
1614667635532,1614667745284,90
1614667745296,1614667799578,47
1614667799589,1614667860192,139
1614667860204,1614668047755,165
1614668047768,1614668102496,95
1614668102507,1614668155110,42
1614668155124,1614668265829,126
1614668265841,1614668371185,213
1614668371199,1614668405433,43
1614668405445,1614668433907,151
1614668433919,1614668481956,123
1614668481969,1614668527592,37
1614668527606,1614668677225,3
1614668677237,1614668781523,182
1614668781535,1614668845105,53
1614668845117,1614668858986,65
1614668858998,1614668878806,30
1614668878819,1614669041396,158
1614669041409,1614669071482,182
1614669071494,1614669407285,204
1614669407298,1614669435362,51
1614669435374,1614669512333,95
1614669512345,1614669516552,37
1614669516562,1614669542158,55
1614669542169,1614669608809,91
1614669608824,1614669703760,116
1614669703772,1614669804028,79
1614669804042,1614669817163,84
1614669817174,1614669877358,189
1614669877370,1614669987680,88
1614669987691,1614670055462,63
1614670055474,1614670077517,40
1614670077527,1614670114172,193
1614670114184,1614670157289,39
1614670157301,1614670186980,105
1614670186991,1614670242742,57
1614670242755,1614670283344,63
1614670283356,1614670312489,165
1614670312500,1614670542067,244
1614670542079,1614670613975,67
1614670613987,1614670714790,181
1614670714803,1614670783500,174
1614670783513,1614670796623,80
1614670796634,1614671037220,135
1614671037234,1614671095057,62
1614671095070,1614671142971,206
1614671142984,1614671155336,91
1614671155347,1614671244862,127
1614671244874,1614671301273,49
1614671301287,1614671452819,96
1614671452832,1614671491242,40
1614671491254,1614671507068,52
1614671507080,1614671592816,66
1614671592829,1614671671629,61
1614671671642,1614671710023,207
1614671710036,1614671773149,63
1614671773160,1614671834764,152
1614671834775,1614672031132,77
1614672031144,1614672150860,126
1614672150872,1614672267166,114
1614672267179,1614672347416,91
1614672347429,1614672370425,67
1614672370438,1614672563367,13
1614672563380,1614672696319,81
1614672696333,1614672759514,76
1614672759526,1614672835234,197
1614672835248,1614672858215,29
1614672858226,1614672917326,223
1614672917338,1614672931284,48
1614672931295,1614673059874,10
1614673059886,1614673211755,160
1614673211769,1614673216356,37
1614673216367,1614673264380,116
1614673264391,1614673272421,25
1614673272432,1614673339003,88
1614673339016,1614673368925,93
1614673368937,1614673464686,133
1614673464698,1614673626203,124
1614673626215,1614673760229,218
1614673760242,1614673786954,126
1614673786965,1614673914667,175
1614673914679,1614674017373,240
1614674017385,1614674181576,13
1614674181589,1614674300088,147
1614674300102,1614674368023,89
1614674368034,1614674532613,97
1614674532626,1614674816119,99
1614674816131,1614674834261,119
1614674834272,1614674945187,252
1614674945201,1614674990361,26
1614674990372,1614675044673,67
1614675044685,1614675057342,70
1614675057354,1614675085836,90
1614675085847,1614675113223,116
1614675113235,1614675248615,248
1614675248628,1614675276375,136
1614675276388,1614675330203,4
1614675330215,1614675351712,34
1614675351723,1614675371478,51
1614675371490,1614675424978,198
1614675424989,1614675578300,74
1614675578312,1614675593063,63
1614675593074,1614675607783,36
1614675607796,1614675619666,74
1614675619677,1614675720516,209
1614675720530,1614675737868,48
1614675737878,1614675797353,52
1614675797365,1614675831962,60
1614675831972,1614675874428,176
1614675874441,1614675893914,139
1614675893925,1614675935197,71
1614675935209,1614675970458,154
1614675970821,1614675983422,57
1614675983433,1614676005137,110
1614676005150,1614676047753,212
1614676047766,1614676081737,183
1614676081750,1614676197927,202
1614676197940,1614676217699,118
1614676217712,1614676268840,170
1614676268853,1614676281698,30
1614676281709,1614676335261,33
1614676335273,1614676379833,167
1614676379844,1614676422598,153
1614676422609,1614676492566,85
1614676492578,1614676533275,138
1614676533287,1614676551694,85
1614676551706,1614676597192,164
1614676597236,1614676631713,134
1614676631724,1614676645228,69
1614676645240,1614676650464,37
1614676650475,1614676686720,161
1614676686733,1614676702433,66
1614676702445,1614676714753,19
1614676714764,1614676731680,64
1614676731693,1614676765009,168
1614676765021,1614676791861,134
1614676791873,1614676848524,42
1614676848537,1614676864501,41
1614676864512,1614676907153,120
1614676907164,1614676924964,93
1614676924975,1614676980815,45
1614676980827,1614677017956,208
1614677017970,1614677029858,67
1614677029870,1614677054187,44
1614677054199,1614677072932,107
1614677072944,1614677213809,41
1614677213823,1614677309318,210
1614677309332,1614677405899,91
1614677405910,1614677449169,232
1614677449183,1614677482275,34
1614677482287,1614677521850,84
1614677521864,1614677703918,194
1614677703931,1614677740033,52
1614677740045,1614677754877,63
1614677754889,1614677855183,28
1614677855195,1614677915801,134
1614677915813,1614677965925,112
1614677965937,1614678012419,199
1614678012433,1614678039426,25
1614678039439,1614678081546,194
1614678081559,1614678331400,90
1614678331411,1614678361465,80
1614678361478,1614678420142,162
1614678420156,1614678432883,37
1614678432895,1614678461302,42
1614678461315,1614678518382,116
1614678518395,1614678571091,75
1614678571103,1614678597049,89
1614678597060,1614678620086,125
1614678620100,1614678629274,39
1614678629285,1614678645043,75
1614678645053,1614678721691,216
1614678721700,1614678770373,45
1614678770386,1614678808278,174
1614678808291,1614678867195,116
1614678867207,1614678907486,8
1614678907498,1614678985386,57
1614678985400,1614679002646,55
1614679002657,1614679026566,34
1614679026578,1614679065600,103
1614679065614,1614679090100,61
1614679090113,1614679113224,64
1614679113237,1614679182829,61
1614679182843,1614679224890,95
1614679224903,1614679268169,90
1614679268183,1614679287834,120
1614679287845,1614679406243,185
1614679406255,1614679425506,108
1614679425518,1614679454633,141
1614679454646,1614679471744,39
1614679471757,1614679549788,108
1614679549801,1614679604966,57
1614679604980,1614679614667,30
1614679614679,1614679628591,33
1614679628602,1614679748493,246
1614679748506,1614679756896,59
1614679756908,1614679809920,89
1614679809932,1614679846913,242
1614679846924,1614679854397,27
1614679854408,1614679865165,53
1614679865176,1614679886224,99
1614679886238,1614679914613,103
1614679914625,1614679945687,95
1614679945698,1614679981309,133
1614679981321,1614680076561,173
1614680076573,1614680111263,196
1614680111273,1614680148735,212
1614680148747,1614680192390,250
1614680192401,1614680207271,35
1614680207283,1614680243622,120
1614680243633,1614680306857,74
1614680306869,1614680451760,147
1614680451774,1614680462933,35
1614680462944,1614680490447,83
1614680490460,1614680519084,130
1614680519095,1614680570892,0
1614680570904,1614680583764,26
1614680583776,1614680594110,45
1614680594122,1614680628477,217
1614680628489,1614680666402,67
1614680666414,1614680700853,46
1614680700865,1614680743662,55
1614680743676,1614680782767,116
1614680782780,1614680824028,32
1614680824041,1614680861596,102
1614680861608,1614680912134,252
1614680912148,1614680935471,138
1614680935483,1614681005110,54
1614681005125,1614681017412,83
1614681017424,1614681062642,140
1614681062655,1614681286554,219
1614681286566,1614681294006,23
1614681294018,1614681409154,211
1614681409167,1614681424946,93
1614681424958,1614681439639,51
1614681439651,1614681466321,77
1614681466333,1614681487407,80
1614681487421,1614681589726,38
1614681589739,1614681616195,150
1614681616206,1614681727754,103
1614681727766,1614681782440,51
1614681782452,1614681804984,89
1614681804998,1614681814181,33
1614681814193,1614681847588,73
1614681847600,1614681983209,242
1614681983221,1614682093820,37
1614682093833,1614682180797,253
1614682180810,1614682387806,128
1614682387821,1614682427043,65
1614682427055,1614682487431,15
1614682487443,1614682505445,42
1614682505456,1614682556478,133
1614682556491,1614682589492,189
1614682589503,1614682593040,24
1614682593051,1614682661999,15
1614682662013,1614682705145,186
1614682705157,1614682767504,141
1614682767517,1614682780044,76
1614682780056,1614682845869,196
1614682845881,1614682857976,32
1614682857986,1614682875421,98
1614682875434,1614682886357,50
1614682886367,1614682937734,1
1614682937747,1614682950207,32
1614682950218,1614683003753,77
1614683003765,1614683029103,127
1614683029115,1614683042431,48
1614683042443,1614683171278,138
1614683171291,1614683250243,247
1614683250255,1614683288266,37
1614683288279,1614683375231,131
1614683375243,1614683419382,147
1614683419393,1614683456913,143
1614683456926,1614683521893,165
1614683521906,1614683556572,152
1614683556584,1614683621346,248
1614683621358,1614683691975,88
1614683691988,1614683900921,49
1614683900933,1614683978995,113
1614683979007,1614684003383,69
1614684003396,1614684012516,50
1614684012528,1614684056029,193
1614684056041,1614684082624,72
1614684082637,1614684172466,232
1614684172479,1614684204382,70
1614684204394,1614684228857,62
1614684228869,1614684264392,179
1614684264405,1614684288957,46
1614684288968,1614684338084,224
1614684338097,1614684405691,61
1614684405703,1614684464600,110
1614684464613,1614684617017,190
1614684617030,1614684624883,43
1614684624896,1614684727403,31
1614684727414,1614684815309,176
1614684815322,1614684863552,88
1614684863566,1614684966072,12
1614684966085,1614685010490,57
1614685010502,1614685031318,84
1614685031330,1614685045022,54
1614685045034,1614685063020,130
1614685063031,1614685078655,65
1614685078667,1614685113046,170
1614685113059,1614685133606,130
1614685133617,1614685192141,41
1614685192153,1614685203349,54
1614685203361,1614685218277,79
1614685218290,1614685249045,140
1614685249057,1614685277315,166
1614685277326,1614685346245,35
1614685346258,1614685363616,86
1614685363627,1614685402709,94
1614685402721,1614685428553,33
1614685428565,1614685456648,71
1614685456661,1614685479406,125
1614685479418,1614685486953,47
1614685486965,1614685497089,80
1614685497100,1614685537134,56
1614685537145,1614685591847,216
1614685591860,1614685614682,144
1614685614693,1614685631275,126
1614685631286,1614685651854,122
1614685651866,1614685809420,115
1614685809433,1614685906871,164
1614685906884,1614685962660,46
1614685962672,1614686050528,211
1614686050540,1614686062235,80
1614686062246,1614686154065,87
1614686154077,1614686200897,146
1614686200909,1614686409175,143
1614686409189,1614686462451,64
1614686462463,1614686481366,125
1614686481379,1614686505165,110
1614686505176,1614686513316,39
1614686513328,1614686606837,247
1614686606851,1614686644162,251
1614686644174,1614686679277,209
1614686679290,1614686701235,57
1614686701246,1614686759668,170
1614686759680,1614686792052,62
1614686792065,1614686805326,70
1614686805337,1614686827141,120
1614686827152,1614686876002,158
1614686876014,1614686889671,67
1614686889683,1614686927719,73
1614686927732,1614686956556,146
1614686956568,1614686969359,31
1614686969371,1614686974743,52
1614686974753,1614687011172,215
1614687011185,1614687045932,99
1614687045945,1614687065474,60
1614687065485,1614687089433,97
1614687089444,1614687245474,118
1614687245486,1614687286278,46
1614687286290,1614687317930,165
1614687317943,1614687329612,76
1614687329623,1614687388344,197
1614687388357,1614687414039,130
1614687414051,1614687495486,230
1614687495500,1614687578321,125
1614687578332,1614687583169,32
1614687583180,1614687636720,164
1614687636734,1614687738666,116
1614687738679,1614687775955,82
1614687775966,1614687789510,58
1614687789521,1614687815809,132
1614687815821,1614687834495,60
1614687834508,1614687882838,6
1614687882851,1614687923962,208
1614687923975,1614687988847,16
1614687988858,1614688203945,56
1614688203959,1614688239474,34
1614688239485,1614688271058,135
1614688271069,1614688300655,82
1614688300666,1614688310910,59
1614688310921,1614688336591,74
1614688336603,1614688398857,116
1614688398870,1614688449460,50
1614688449472,1614688461018,59
1614688461032,1614688490340,143
1614688490353,1614688495400,40
1614688495410,1614688630934,82
1614688630947,1614688674189,7
1614688674201,1614688690919,97
1614688690930,1614688727807,181
1614688727819,1614688839597,183
1614688839609,1614688870657,161
1614688870669,1614688962563,198
1614688962576,1614689005757,190
1614689005770,1614689036873,57
1614689036887,1614689060988,69
1614689061000,1614689073088,52
1614689073099,1614689094739,134
1614689094751,1614689106671,59
1614689106683,1614689123102,55
1614689123113,1614689158184,153
1614689158196,1614689180759,89
1614689180771,1614689209809,120
1614689209821,1614689246310,162
1614689246323,1614689280724,94
1614689280736,1614689307613,164
1614689307625,1614689396365,55
1614689396377,1614689410054,81
1614689410067,1614689422580,51
1614689422590,1614689505038,95
1614689505049,1614689561739,44
1614689561750,1614689585251,91
1614689585260,1614689594746,29
1614689594758,1614689618618,77
1614689618630,1614689680666,11
1614689680677,1614689707792,48
1614689707804,1614689723433,84
1614689723446,1614689771411,178
1614689771423,1614689823717,20
1614689823729,1614689838192,97
1614689838204,1614689927984,45
1614689927997,1614689934589,42
1614689934600,1614689949086,75
1614689949099,1614690012204,165
1614690012218,1614690057034,71
1614690057045,1614690064892,42
1614690064903,1614690122035,219
1614690122047,1614690126032,32
1614690126043,1614690232101,233
1614690232113,1614690345646,60
1614690345658,1614690369167,92
1614690369178,1614690406179,219
1614690406191,1614690448028,143
1614690448041,1614690499583,40
1614690499595,1614690634829,248
1614690634842,1614690698250,202
1614690698263,1614690723453,104
1614690723464,1614690734057,47
1614690734069,1614690766591,128
1614690766603,1614690802005,203
1614690802016,1614690831414,131
1614690831426,1614690843404,64
1614690843415,1614690863715,97
1614690863726,1614690883172,79
1614690883185,1614690888436,35
1614690888447,1614690901565,75
1614690901577,1614690941303,239
1614690941315,1614690973121,184
1614690973134,1614691023963,53
1614691023975,1614691040356,96
1614691040368,1614691072744,68
1614691072754,1614691222993,129
1614691223005,1614691263285,203
1614691263297,1614691335911,30
1614691335923,1614691344825,61
1614691344836,1614691364581,65
1614691364591,1614691418709,153
1614691418723,1614691501280,207
1614691501288,1614691554010,0
1614691554022,1614691634572,163
1614691634586,1614691697476,53
1614691697488,1614691805659,86
1614691805671,1614692062964,196
1614692063179,1614692144834,177
1614692144846,1614692200311,99
1614692200324,1614692406189,229
1614692406204,1614692499587,44
1614692499599,1614692514806,62
1614692514817,1614692554771,206
1614692554782,1614692575765,95
1614692575777,1614692603638,107
1614692603648,1614692769869,128
1614692769881,1614692788186,108
1614692788199,1614692816952,76
1614692816964,1614692963815,6
1614692963827,1614692985721,113
1614692985732,1614693033931,165
1614693033943,1614693050526,79
1614693050537,1614693145322,14
1614693145335,1614693153848,56
1614693153856,1614693261356,212
1614693261368,1614693286491,159
1614693286504,1614693355469,34
1614693355483,1614693368022,55
1614693368033,1614693374259,38
1614693374271,1614693412064,228
1614693412075,1614693456303,202
1614693456315,1614693475131,52
1614693475142,1614693524805,134
1614693524817,1614693551145,172
1614693551156,1614693708343,117
1614693708356,1614693719101,72
1614693719113,1614693763441,156
1614693763453,1614693876117,112
1614693876129,1614693940547,56
1614693940560,1614694018940,65
1614694018952,1614694050485,38
1614694050495,1614694094683,222
1614694094695,1614694110742,98
1614694110753,1614694205157,228
1614694205170,1614694250304,124
1614694250316,1614694303608,12
1614694303621,1614694423291,147
1614694423304,1614694446524,48
1614694446536,1614694454789,57
1614694454801,1614694461748,43
1614694461758,1614694498724,144
1614694498737,1614694512736,52
1614694512749,1614694551571,253
1614694551583,1614694565744,107
1614694565757,1614694612677,230
1614694612688,1614694679639,79
1614694679651,1614694829156,64
1614694829168,1614694860355,200
1614694860367,1614694879036,84
1614694879048,1614694955607,84
1614694955619,1614695025684,118
1614695025698,1614695070351,207
1614695070363,1614695077376,49
1614695077388,1614695142300,97
1614695142315,1614695173960,112
1614695173971,1614695196490,96
1614695196501,1614695242192,183
1614695242204,1614695249282,33
1614695249294,1614695260793,81
1614695260805,1614695295568,141
1614695295634,1614695450125,168
1614695450138,1614695465970,83
1614695465982,1614695529426,148
1614695529468,1614695563756,107
1614695563769,1614695620690,181
1614695620703,1614695733113,51
1614695733127,1614695874912,73
1614695874924,1614695905335,180
1614695905347,1614695921002,105
1614695921014,1614695972126,110
1614695972140,1614696013266,217
1614696013279,1614696027098,84
1614696027108,1614696066800,233
1614696066813,1614696102357,34
1614696102369,1614696138869,121
1614696138881,1614696160733,82
1614696160744,1614696186578,150
1614696186590,1614696205148,81
1614696205160,1614696235187,67
1614696235200,1614696278353,227
1614696278366,1614696290743,53
1614696290755,1614696323413,205
1614696323424,1614696405377,249
1614696405391,1614696482919,36
1614696482931,1614696567242,142
1614696567254,1614696835355,198
1614696835365,1614696845599,38
1614696845612,1614696882875,142
1614696882887,1614696916567,166
1614696916580,1614696924807,40
1614696924818,1614697017456,249
1614697017469,1614697127016,79
1614697127028,1614697139662,91
1614697139673,1614697196843,208
1614697196856,1614697246563,178
1614697246574,1614697266543,83
1614697266555,1614697292686,69
1614697292697,1614697324840,172
1614697324851,1614697345852,104
1614697345862,1614697393766,57
1614697393780,1614697429403,51
1614697429412,1614697455116,69
1614697455128,1614697460274,22
1614697460286,1614697480144,117
1614697480156,1614697895907,67
1614697895925,1614697914660,83
1614697914670,1614697941549,152
1614697941562,1614697993590,234
1614697993603,1614698030803,90
1614698030815,1614698064967,126
1614698064979,1614698089964,66
1614698089975,1614698099609,66
1614698099621,1614698123921,86
1614698123931,1614698143403,52
1614698143414,1614698168009,121
1614698168022,1614698198332,157
1614698198344,1614698241840,243
1614698241853,1614698343211,76
1614698343222,1614698357423,32
1614698357434,1614698371789,67
1614698371801,1614698414998,216
1614698415011,1614698433536,34
1614698433548,1614698528883,106
1614698528895,1614698535279,50
1614698535291,1614698548265,85
1614698548277,1614698589505,151
1614698589518,1614698616264,34
1614698616277,1614698651633,79
1614698651647,1614698679458,40
1614698679469,1614698710111,139
1614698710123,1614698730238,91
1614698730252,1614698788099,15
1614698788110,1614698827894,207
1614698827907,1614698852849,175
1614698852861,1614698884976,170
1614698884989,1614698904488,110
1614698904501,1614698930904,92
1614698930916,1614698959458,51
1614698959470,1614698964875,34
1614698964886,1614699200414,139
1614699200426,1614699259768,162
1614699259782,1614699348119,232
1614699348131,1614699420802,23
1614699420815,1614699594969,155
1614699594980,1614699616046,85
1614699616058,1614699627630,74
1614699627642,1614699722708,105
1614699722720,1614699801205,165
1614699801217,1614699884922,114
1614699884935,1614699894315,64
1614699894327,1614699921088,113
1614699921101,1614699949396,100
1614699949408,1614699975068,108
1614699975080,1614700068635,205
1614700068647,1614700099229,191
1614700099241,1614700104602,24
1614700104613,1614700140229,154
1614700140241,1614700176731,224
1614700176743,1614700196819,91
1614700196831,1614700225939,161
1614700225951,1614700356041,91
1614700356054,1614700378374,47
1614700378385,1614700414265,109
1614700414277,1614700428657,82
1614700428669,1614700484833,93
1614700484846,1614700712976,238
1614700712988,1614700805478,11
1614700805491,1614700835044,188
1614700835055,1614700906065,196
1614700906080,1614700923085,46
1614700923096,1614701019024,59
1614701019037,1614701077125,42
1614701077137,1614701130490,71
1614701130502,1614701218812,137
1614701218824,1614701288305,252
1614701288318,1614701390120,173
1614701390133,1614701420415,105
1614701420429,1614701438363,76
1614701438374,1614701478862,246
1614701478875,1614701533835,210
