1614633348617,1614633351098,21
1614633351108,1614633357082,45
1614633357094,1614633363333,57
1614633363345,1614633373089,86
1614633373101,1614633377200,21
1614633377210,1614633387019,70
1614633387029,1614633392101,43
1614633392112,1614633394054,10
1614633394065,1614633398476,45
1614633398486,1614633400810,22
1614633400822,1614633412250,54
1614633412261,1614633417284,49
1614633417295,1614633434446,50
1614633434458,1614633438714,33
1614633438724,1614633443716,43
1614633443728,1614633446522,23
1614633446532,1614633478129,193
1614633478140,1614633488781,106
1614633488791,1614633511639,237
1614633511651,1614633518210,57
1614633518221,1614633531651,111
1614633531662,1614633537804,49
1614633537815,1614633541939,29
1614633541950,1614633544230,14
1614633544241,1614633547610,43
1614633547620,1614633550553,21
1614633550564,1614633554247,24
1614633554257,1614633580476,189
1614633580487,1614633599788,184
1614633599799,1614633602706,17
1614633602718,1614633608395,63
1614633608406,1614633629390,63
1614633629402,1614633635917,33
1614633635928,1614633650409,69
1614633650420,1614633665010,124
1614633665021,1614633688218,93
1614633688228,1614633707042,53
1614633707053,1614633714840,23
1614633714851,1614633724325,25
1614633724337,1614633732692,30
1614633732702,1614633735973,35
1614633735983,1614633741769,52
1614633741781,1614633745241,35
1614633745251,1614633755620,69
1614633755631,1614633770941,146
1614633770952,1614633774996,40
1614633775075,1614633782164,52
1614633782176,1614633791502,62
1614633791516,1614633798418,44
1614633798430,1614633802070,29
1614633802080,1614633804193,17
1614633804204,1614633818549,119
1614633818560,1614633822197,32
1614633822208,1614633831570,64
1614633831581,1614633834191,16
1614633834201,1614633857260,205
1614633857271,1614633862215,50
1614633862226,1614633865719,23
1614633865730,1614633869862,39
1614633869873,1614633887847,150
1614633887858,1614633958673,170
1614633958685,1614633965745,58
1614633965756,1614633969021,24
1614633969032,1614633972055,32
1614633972065,1614633975427,29
1614633975437,1614633980186,45
1614633980197,1614633991248,58
1614633991259,1614633994763,25
1614633994774,1614633998839,35
1614633998850,1614634007484,72
1614634007496,1614634027016,190
1614634027028,1614634032532,31
1614634032542,1614634039284,71
1614634039296,1614634045900,65
1614634045911,1614634055873,112
1614634055884,1614634059175,29
1614634059186,1614634062349,29
1614634062361,1614634067269,51
1614634067280,1614634072041,35
1614634072052,1614634074879,25
1614634074890,1614634078985,38
1614634078996,1614634089006,77
1614634089017,1614634099333,121
1614634099344,1614634101618,17
1614634101629,1614634105283,31
1614634105294,1614634137432,198
1614634137443,1614634156582,135
1614634156594,1614634160476,34
1614634160487,1614634174685,122
1614634174696,1614634177965,37
1614634177975,1614634183868,50
1614634183880,1614634223066,205
1614634223079,1614634233112,55
1614634233123,1614634240827,80
1614634240839,1614634265337,146
1614634265348,1614634269402,43
1614634269413,1614634273144,30
1614634273153,1614634281572,86
1614634281583,1614634283927,29
1614634283939,1614634287062,26
1614634287073,1614634338098,46
1614634338110,1614634348779,94
1614634348791,1614634351957,41
1614634351968,1614634354188,19
1614634354199,1614634358538,27
1614634358548,1614634361638,28
1614634361649,1614634364215,19
1614634364225,1614634368598,32
1614634368609,1614634372091,32
1614634372100,1614634374482,21
1614634374493,1614634378290,43
1614634378300,1614634380325,12
1614634380334,1614634382918,16
1614634382928,1614634393039,103
1614634393050,1614634397239,31
1614634397249,1614634402360,43
1614634402372,1614634427554,216
1614634427566,1614634447841,202
1614634447852,1614634450250,27
1614634450259,1614634455245,39
1614634455255,1614634458926,30
1614634458936,1614634468275,100
1614634468286,1614634470865,23
1614634470876,1614634473986,24
1614634473997,1614634477210,32
1614634477221,1614634480266,34
1614634480277,1614634500552,146
1614634500564,1614634503361,23
1614634503371,1614634511996,88
1614634512008,1614634516030,38
1614634516041,1614634518027,10
1614634518039,1614634523098,54
1614634523110,1614634532211,32
1614634532222,1614634539009,57
1614634539020,1614634547150,76
1614634547161,1614634550600,21
1614634550611,1614634556777,56
1614634556788,1614634561160,14
1614634561171,1614634566575,31
1614634566586,1614634572315,37
1614634572327,1614634579693,69
1614634579705,1614634617032,202
1614634617044,1614634621252,26
1614634621263,1614634632293,43
1614634632303,1614634635918,26
1614634635928,1614634639251,36
1614634639261,1614634647980,84
1614634647991,1614634664263,68
1614634664274,1614634668568,36
1614634668579,1614634670584,9
1614634670594,1614634673713,25
1614634673724,1614634683707,84
1614634683718,1614634687961,35
1614634687972,1614634692564,42
1614634692574,1614634697449,44
1614634697459,1614634700432,24
1614634700441,1614634713700,137
1614634713711,1614634722799,62
1614634722810,1614634734101,56
1614634734112,1614634739455,44
1614634739466,1614634755236,74
1614634755248,1614634768846,122
1614634768857,1614634784840,88
1614634784852,1614634797880,103
1614634797892,1614634806586,75
1614634806598,1614634818023,75
1614634818035,1614634828873,53
1614634828884,1614634831914,16
1614634831924,1614634836668,43
1614634836679,1614634848524,102
1614634848535,1614634855375,59
1614634855386,1614634863220,70
1614634863231,1614634865629,19
1614634865640,1614634868475,22
1614634868487,1614634871449,25
1614634871460,1614634877072,55
1614634877083,1614634886023,85
1614634886035,1614634892953,75
1614634892965,1614634899765,52
1614634899777,1614634908076,93
1614634908088,1614634916124,83
1614634916135,1614634921527,49
1614634921535,1614634929471,76
1614634929482,1614634932270,23
1614634932280,1614634938844,63
1614634938855,1614634962325,211
1614634962337,1614634966750,34
1614634966760,1614634985238,129
1614634985250,1614634989199,25
1614634989210,1614634995348,74
1614634995359,1614634999353,46
1614634999362,1614635015720,192
1614635015731,1614635022865,62
1614635022876,1614635034518,55
1614635034529,1614635036902,23
1614635036912,1614635046544,82
1614635046555,1614635068534,187
1614635068545,1614635083458,129
1614635083468,1614635101791,102
1614635101802,1614635112503,73
1614635112514,1614635117031,37
1614635117042,1614635125203,74
1614635125214,1614635146961,107
1614635146972,1614635157799,89
1614635157810,1614635159889,14
1614635159900,1614635209375,191
1614635209387,1614635214122,39
1614635214132,1614635235310,96
1614635235321,1614635247053,109
1614635247064,1614635265291,171
1614635265303,1614635313707,176
1614635313719,1614635319540,59
1614635319551,1614635323948,33
1614635323958,1614635327042,24
1614635327052,1614635329527,23
1614635329538,1614635338338,68
1614635338349,1614635343018,36
1614635343029,1614635347929,42
1614635347940,1614635353772,52
1614635353783,1614635411361,147
1614635411373,1614635431921,68
1614635431933,1614635445715,62
1614635445727,1614635448136,22
1614635448146,1614635452356,37
1614635452367,1614635463334,93
1614635463345,1614635466498,31
1614635466508,1614635491442,65
1614635491453,1614635530896,104
1614635530907,1614635536742,46
1614635536753,1614635538970,17
1614635538981,1614635547253,62
1614635547264,1614635550302,27
1614635550312,1614635569672,157
1614635569685,1614635573747,27
1614635573758,1614635583333,79
1614635583344,1614635585684,16
1614635585695,1614635604109,116
1614635604120,1614635620877,147
1614635620888,1614635652911,235
1614635652923,1614635655485,20
1614635655495,1614635657697,23
1614635657706,1614635661787,47
1614635661798,1614635669715,62
1614635669726,1614635673975,38
1614635673985,1614635688841,98
1614635688852,1614635693270,41
1614635693280,1614635705828,102
1614635705838,1614635764925,126
1614635764936,1614635770504,65
1614635770514,1614635794865,193
1614635794877,1614635803826,65
1614635803837,1614635807304,31
1614635807315,1614635810042,25
1614635810053,1614635816186,64
1614635816196,1614635821428,50
1614635821439,1614635823971,23
1614635823982,1614635830644,61
1614635830656,1614635841119,91
1614635841131,1614635843388,20
1614635843398,1614635845690,14
1614635845701,1614635848185,21
1614635848196,1614635853081,26
1614635853093,1614635873786,171
1614635873796,1614635889882,111
1614635889893,1614635922679,178
1614635922691,1614635934640,120
1614635934651,1614635936726,15
1614635936737,1614635953056,90
1614635953066,1614635997139,159
1614635997151,1614636006401,91
1614636006413,1614636012442,36
1614636012453,1614636021620,96
1614636021632,1614636023991,23
1614636024002,1614636027169,25
1614636027180,1614636032223,40
1614636032234,1614636035984,37
1614636035994,1614636038841,26
1614636038853,1614636042626,26
1614636042636,1614636054430,82
1614636054442,1614636070427,136
1614636070439,1614636075107,38
1614636075118,1614636078255,25
1614636078266,1614636084705,32
1614636084714,1614636100910,151
1614636100921,1614636107192,62
1614636107203,1614636111878,56
1614636111890,1614636117473,52
1614636117485,1614636129887,122
1614636129898,1614636139673,85
1614636139685,1614636143687,31
1614636143697,1614636152730,62
1614636152742,1614636168916,123
1614636168928,1614636180519,65
1614636180531,1614636183081,22
1614636183092,1614636189166,59
1614636189177,1614636203105,144
1614636203116,1614636207047,46
1614636207057,1614636213474,46
1614636213485,1614636223453,103
1614636223464,1614636228577,61
1614636228588,1614636230905,14
1614636230915,1614636240813,91
1614636240824,1614636245878,47
1614636245889,1614636248994,23
1614636249005,1614636266999,162
1614636267011,1614636270975,34
1614636270986,1614636279119,65
1614636279130,1614636286519,75
1614636286530,1614636289985,41
1614636289996,1614636293333,26
1614636293344,1614636299813,57
1614636299824,1614636304037,43
1614636304046,1614636314188,66
1614636314199,1614636333944,123
1614636333956,1614636343186,79
1614636343198,1614636348121,39
1614636348131,1614636352767,42
1614636352778,1614636355880,26
1614636355891,1614636374677,149
1614636374688,1614636377355,25
1614636377365,1614636380246,29
1614636380257,1614636388625,74
1614636388634,1614636391816,36
1614636391826,1614636407093,113
1614636407104,1614636409958,25
1614636409969,1614636417887,41
1614636417899,1614636438879,182
1614636438890,1614636443098,36
1614636443108,1614636451716,82
1614636451726,1614636474235,214
1614636474247,1614636478976,39
1614636478986,1614636487480,106
1614636487492,1614636492658,52
1614636492669,1614636498543,65
1614636498554,1614636501574,24
1614636501585,1614636556951,248
1614636556963,1614636561453,38
1614636561464,1614636608572,200
1614636608583,1614636613632,49
1614636613643,1614636620687,51
1614636620699,1614636624763,33
1614636624774,1614636633453,52
1614636633465,1614636641562,79
1614636641573,1614636647805,55
1614636647817,1614636670971,191
1614636670983,1614636678197,58
1614636678208,1614636708154,119
1614636708165,1614636710751,27
1614636710762,1614636715172,35
1614636715182,1614636750046,181
1614636750058,1614636754480,30
1614636754490,1614636762067,52
1614636762079,1614636765220,18
1614636765231,1614636769706,40
1614636769717,1614636773949,23
1614636773961,1614636819255,207
1614636819267,1614636921801,134
1614636921814,1614636932742,42
1614636932753,1614636943188,88
1614636943199,1614636945521,24
1614636945531,1614636950535,32
1614636950546,1614636989259,92
1614636989271,1614637001292,96
1614637001303,1614637017677,148
1614637017686,1614637046994,88
1614637047007,1614637053019,53
1614637053032,1614637055681,23
1614637055692,1614637070903,110
1614637070915,1614637096837,100
1614637096848,1614637103618,63
1614637103630,1614637116227,151
1614637116238,1614637132838,133
1614637132849,1614637137601,48
1614637137611,1614637151421,56
1614637151432,1614637157878,52
1614637157889,1614637168039,100
1614637168051,1614637173324,61
1614637173335,1614637193806,124
1614637193818,1614637203453,73
1614637203464,1614637206635,27
1614637206645,1614637232704,84
1614637232715,1614637241221,50
1614637241233,1614637271458,167
1614637271470,1614637279388,47
1614637279400,1614637291596,43
1614637291608,1614637305864,46
1614637305876,1614637321362,47
1614637321374,1614637329905,16
1614637329916,1614637332777,20
1614637332788,1614637336742,30
1614637336754,1614637341959,36
1614637341971,1614637369156,128
1614637369166,1614637375243,47
1614637375255,1614637387138,87
1614637387149,1614637409957,233
1614637409968,1614637429422,128
1614637429433,1614637438571,89
1614637438583,1614637443217,39
1614637443228,1614637449917,35
1614637449927,1614637464481,141
1614637464492,1614637476642,80
1614637476654,1614637479317,23
1614637479327,1614637528540,118
1614637528551,1614637538673,38
1614637538684,1614637554810,64
1614637554821,1614637564497,91
1614637564508,1614637575901,80
1614637575912,1614637578547,19
1614637578557,1614637582172,25
1614637582183,1614637592603,108
1614637592615,1614637595482,22
1614637595491,1614637603344,17
1614637603357,1614637609691,62
1614637609703,1614637612648,27
1614637612659,1614637623247,108
1614637623258,1614637635873,74
1614637635885,1614637640354,44
1614637640365,1614637669030,8
1614637669042,1614637676540,23
1614637676551,1614637684098,81
1614637684110,1614637690326,42
1614637690338,1614637702167,107
1614637702180,1614637711870,102
1614637711882,1614637720974,77
1614637720985,1614637723274,14
1614637723285,1614637732709,61
1614637732721,1614637737775,32
1614637737786,1614637753078,122
1614637753090,1614637758433,44
1614637758444,1614637770525,81
1614637770536,1614637793259,180
1614637793271,1614637796886,36
1614637796896,1614637803222,33
1614637803234,1614637809956,64
1614637809970,1614637854214,162
1614637854427,1614637856941,30
1614637856951,1614637859233,17
1614637859244,1614637863509,40
1614637863519,1614637867031,37
1614637867042,1614637873246,55
1614637873257,1614637876065,21
1614637876075,1614637885500,76
1614637885512,1614637896020,99
1614637896031,1614637904469,83
1614637904480,1614637910515,43
1614637910528,1614637915558,32
1614637915569,1614637923025,70
1614637923036,1614637951675,131
1614637951688,1614637964137,117
1614637964149,1614637967907,32
1614637967918,1614637970148,15
1614637970159,1614637978713,84
1614637978724,1614637982597,28
1614637982608,1614637986898,51
1614637986910,1614637991198,51
1614637991209,1614637999864,84
1614637999876,1614638002342,29
1614638002352,1614638005660,28
1614638005671,1614638008584,24
1614638008595,1614638047060,66
1614638047072,1614638049562,23
1614638049573,1614638052308,19
1614638052319,1614638067171,127
1614638067183,1614638079924,118
1614638079935,1614638094414,148
1614638094425,1614638097166,17
1614638097175,1614638104168,50
1614638104179,1614638112698,41
1614638112710,1614638118901,55
1614638118912,1614638135584,156
1614638135596,1614638143777,33
1614638143788,1614638149848,56
1614638149862,1614638155580,47
1614638155591,1614638158729,21
1614638158741,1614638167097,79
1614638167108,1614638175674,28
1614638175688,1614638187747,113
1614638187758,1614638195146,55
1614638195158,1614638203222,46
1614638203234,1614638207856,34
1614638207867,1614638211001,21
1614638211011,1614638215279,35
1614638215290,1614638219389,27
1614638219400,1614638222173,28
1614638222183,1614638233948,103
1614638233959,1614638238175,37
1614638238185,1614638240585,13
1614638240595,1614638245989,38
1614638246004,1614638256842,49
1614638256854,1614638273467,137
1614638273478,1614638280405,58
1614638280417,1614638287938,87
1614638287952,1614638300574,117
1614638300586,1614638308411,19
1614638308422,1614638315254,57
1614638315265,1614638323424,66
1614638323435,1614638330070,50
1614638330081,1614638335949,47
1614638335960,1614638339791,26
1614638339802,1614638345223,43
1614638345233,1614638349599,42
1614638349611,1614638377480,238
1614638377492,1614638385908,68
1614638385919,1614638391717,53
1614638391728,1614638396916,40
1614638396926,1614638400830,36
1614638400841,1614638412337,46
1614638412349,1614638416452,34
1614638416462,1614638421570,46
1614638421582,1614638424821,47
1614638425033,1614638434072,82
1614638434083,1614638441000,45
1614638441012,1614638450359,70
1614638450370,1614638458053,59
1614638458066,1614638476803,165
1614638476814,1614638479881,27
1614638479892,1614638488839,69
1614638488850,1614638510933,219
1614638510946,1614638531868,172
1614638531879,1614638537252,57
1614638537264,1614638567049,34
1614638567060,1614638571140,39
1614638571149,1614638596083,195
1614638596095,1614638614646,168
1614638614658,1614638622052,64
1614638622063,1614638630680,74
1614638630691,1614638639882,73
1614638639894,1614638645700,39
1614638645710,1614638650452,48
1614638650462,1614638666879,87
1614638666891,1614638672298,28
1614638672309,1614638695177,146
1614638695188,1614638707059,119
1614638707071,1614638715775,74
1614638715786,1614638727585,60
1614638727596,1614638732959,43
1614638732970,1614638735476,19
1614638735486,1614638745964,105
1614638745975,1614638748373,25
1614638748383,1614638753946,61
1614638753957,1614638758380,40
1614638758390,1614638763006,43
1614638763017,1614638816983,214
1614638816995,1614638836297,44
1614638836308,1614638866525,214
1614638866537,1614638872265,27
1614638872274,1614638879677,82
1614638879689,1614638887136,69
1614638887146,1614638903439,133
1614638903451,1614638906812,32
1614638906823,1614638909570,21
1614638909585,1614638962594,197
1614638962611,1614638977554,128
1614638977566,1614638981874,53
1614638982088,1614638996029,24
1614638996039,1614639003617,20
1614639003627,1614639008269,20
1614639008278,1614639030617,50
1614639030629,1614639047113,74
1614639047124,1614639092911,42
1614639092925,1614639108620,70
1614639108631,1614639116973,40
1614639116984,1614639133825,56
1614639133837,1614639140150,64
1614639140161,1614639144276,44
1614639144287,1614639147090,20
1614639147100,1614639156575,76
1614639156586,1614639171036,63
1614639171047,1614639176352,36
1614639176363,1614639183239,30
1614639183250,1614639186317,38
1614639186328,1614639199387,143
1614639199398,1614639202945,42
1614639202956,1614639206474,31
1614639206485,1614639216478,87
1614639216489,1614639224289,72
1614639224301,1614639228963,51
1614639228974,1614639234510,47
1614639234521,1614639239729,63
1614639239740,1614639242361,19
1614639242371,1614639248752,40
1614639248764,1614639253428,38
1614639253438,1614639257334,47
1614639257346,1614639268907,115
1614639268919,1614639285823,146
1614639285835,1614639292717,58
1614639292728,1614639295325,29
1614639295334,1614639299178,25
1614639299190,1614639313710,146
1614639313724,1614639320404,47
1614639320415,1614639331174,78
1614639331185,1614639338339,15
1614639338350,1614639354490,74
1614639354502,1614639381385,244
1614639381397,1614639386492,59
1614639386503,1614639389460,18
1614639389471,1614639394184,43
1614639394195,1614639399469,68
1614639399481,1614639413840,130
1614639413852,1614639418536,29
1614639418547,1614639424707,54
1614639424720,1614639432004,64
1614639432016,1614639440601,98
1614639440612,1614639445778,29
1614639445789,1614639449971,30
1614639449981,1614639454573,42
1614639454584,1614639464089,50
1614639464101,1614639484700,109
1614639484712,1614639491647,78
1614639491658,1614639494048,15
1614639494058,1614639498983,38
1614639498997,1614639503709,46
1614639503720,1614639510572,43
1614639510583,1614639523412,119
1614639523424,1614639529194,57
1614639529204,1614639545804,161
1614639545816,1614639559185,117
1614639559196,1614639572060,57
1614639572071,1614639574867,22
1614639574878,1614639583973,88
1614639583984,1614639602555,185
1614639602567,1614639610668,63
1614639610680,1614639619305,94
1614639619316,1614639628554,48
1614639628565,1614639638553,43
1614639638564,1614639641011,22
1614639641021,1614639648557,81
1614639648569,1614639660240,124
1614639660251,1614639666228,47
1614639666237,1614639673420,59
1614639673433,1614639676572,31
1614639676583,1614639689865,87
1614639689876,1614639720446,111
1614639720459,1614639737981,153
1614639737993,1614639740409,15
1614639740419,1614639743684,34
1614639743694,1614639747684,33
1614639747695,1614639752644,40
1614639752655,1614639755390,22
1614639755400,1614639763301,69
1614639763312,1614639776685,107
1614639776696,1614639785935,98
1614639785947,1614639791719,56
1614639791730,1614639812563,120
1614639812575,1614639827505,81
1614639827516,1614639835854,63
1614639835865,1614639840291,46
1614639840299,1614639852198,105
1614639852209,1614639858441,54
1614639858452,1614639869164,80
1614639869176,1614639874838,47
1614639874850,1614639879267,41
1614639879277,1614639894359,120
1614639894370,1614639897980,31
1614639897991,1614639903275,46
1614639903287,1614639912698,107
1614639912709,1614639919084,46
1614639919095,1614639927772,87
1614639927783,1614639930534,25
1614639930544,1614639939694,68
1614639939705,1614639946869,76
1614639946880,1614639956770,92
1614639956781,1614639964725,50
1614639964736,1614639982789,129
1614639982800,1614639985802,26
1614639985812,1614639991884,49
1614639991895,1614639997721,38
1614639997732,1614640001570,43
1614640001582,1614640006780,32
1614640006846,1614640015360,73
1614640015372,1614640045129,4
1614640045139,1614640056361,45
1614640056372,1614640058834,14
1614640058845,1614640061054,18
1614640061064,1614640064240,26
1614640064251,1614640072490,75
1614640072502,1614640117226,112
1614640117238,1614640120283,20
1614640120294,1614640122607,20
1614640122617,1614640130591,91
1614640130603,1614640133642,22
1614640133652,1614640137927,36
1614640137937,1614640140613,21
1614640140623,1614640204464,6
1614640204476,1614640207588,25
1614640207598,1614640219711,102
1614640219723,1614640225132,49
1614640225143,1614640229603,37
1614640229614,1614640232506,30
1614640232517,1614640241917,84
1614640241929,1614640248144,56
1614640248155,1614640252651,35
1614640252662,1614640267774,125
1614640267785,1614640275114,53
1614640275125,1614640278134,29
1614640278144,1614640285570,80
1614640285582,1614640295939,80
1614640295950,1614640309457,123
1614640309468,1614640327209,167
1614640327220,1614640329809,34
1614640329820,1614640337371,65
1614640337381,1614640343823,58
1614640343835,1614640347400,30
1614640347411,1614640351361,35
1614640351372,1614640354681,28
1614640354692,1614640358224,25
1614640358234,1614640365770,53
1614640365782,1614640404120,80
1614640404132,1614640407229,30
1614640407239,1614640430627,9
1614640430639,1614640436489,69
1614640436500,1614640444052,85
1614640444063,1614640454234,72
1614640454245,1614640467432,131
1614640467445,1614640469828,16
1614640469838,1614640506253,250
1614640506293,1614640520942,111
1614640520954,1614640524318,25
1614640524329,1614640530823,38
1614640530836,1614640534197,32
1614640534207,1614640537563,43
1614640537574,1614640541773,36
1614640541784,1614640546722,50
1614640546734,1614640551606,27
1614640551618,1614640555293,37
1614640555304,1614640562298,59
1614640562310,1614640565590,25
1614640565601,1614640570411,38
1614640570420,1614640572705,18
1614640572715,1614640580954,65
1614640580965,1614640583043,25
1614640583053,1614640585582,18
1614640585593,1614640608837,153
1614640608849,1614640613378,43
1614640613388,1614640618330,48
1614640618341,1614640639365,63
1614640639376,1614640649179,85
1614640649190,1614640654834,55
1614640654845,1614640657106,13
1614640657117,1614640665999,64
1614640666010,1614640668299,16
1614640668309,1614640671037,18
1614640671049,1614640693001,153
1614640693013,1614640724211,210
1614640724223,1614640731458,48
1614640731471,1614640734730,26
1614640734740,1614640749774,121
1614640749786,1614640751940,16
1614640751950,1614640758833,49
1614640758844,1614640766129,32
1614640766140,1614640769163,21
1614640769172,1614640774524,30
1614640774535,1614640780129,40
1614640780139,1614640845140,26
1614640845153,1614640848228,37
1614640848239,1614640855160,84
1614640855171,1614640859089,37
1614640859100,1614640865255,47
1614640865266,1614640867814,18
1614640867825,1614640872052,24
1614640872063,1614640916779,146
1614640916791,1614640931897,57
1614640931909,1614640936481,27
1614640936493,1614640962808,196
1614640962820,1614640973433,103
1614640973444,1614640981709,40
1614640981720,1614640989648,70
1614640989659,1614641000750,75
1614641000761,1614641007591,57
1614641007602,1614641014867,50
1614641014880,1614641031459,153
1614641031471,1614641035163,27
1614641035174,1614641039027,46
1614641039038,1614641047439,85
1614641047451,1614641095851,22
1614641095862,1614641099749,31
1614641099759,1614641101841,9
1614641101852,1614641115093,94
1614641115106,1614641121002,59
1614641121014,1614641158729,147
1614641158741,1614641169002,54
1614641169014,1614641182077,113
1614641182089,1614641186852,40
1614641186862,1614641208400,137
1614641208411,1614641221438,63
1614641221450,1614641234794,114
1614641234806,1614641240338,65
1614641240347,1614641250125,88
1614641250137,1614641256633,72
1614641256645,1614641259309,24
1614641259320,1614641276322,183
1614641276333,1614641284808,59
1614641284818,1614641294218,62
1614641294230,1614641300066,46
1614641300076,1614641302111,15
1614641302122,1614641312189,57
1614641312201,1614641315388,29
1614641315398,1614641324342,82
1614641324353,1614641328167,28
1614641328178,1614641338633,81
1614641338644,1614641344900,37
1614641344912,1614641353170,61
1614641353181,1614641356600,25
1614641356610,1614641369113,123
1614641369123,1614641380955,119
1614641380967,1614641385007,41
1614641385017,1614641482881,83
1614641482893,1614641501146,82
1614641501157,1614641504379,28
1614641504390,1614641513503,74
1614641513514,1614641516573,34
1614641516584,1614641541835,224
1614641541846,1614641544947,26
1614641544959,1614641549325,47
1614641549336,1614641558432,81
1614641558443,1614641562342,41
1614641562353,1614641568896,78
1614641568907,1614641574783,26
1614641574794,1614641578484,27
1614641578494,1614641581356,23
1614641581366,1614641583503,13
1614641583513,1614641591424,62
1614641591435,1614641600518,39
1614641600530,1614641604059,27
1614641604069,1614641608886,29
1614641608898,1614641618511,79
1614641618523,1614641634012,146
1614641634024,1614641644443,90
1614641644454,1614641658764,122
1614641658776,1614641661860,19
1614641661869,1614641668416,59
1614641668428,1614641671039,18
1614641671049,1614641677906,60
1614641678123,1614641690919,83
1614641690950,1614641699812,74
1614641699822,1614641702185,24
1614641702195,1614641704992,19
1614641705002,1614641709458,37
1614641709468,1614641712301,22
1614641712311,1614641724462,102
1614641724473,1614641737858,121
1614641737869,1614641744521,60
1614641744532,1614641748895,22
1614641748904,1614641754124,52
1614641754134,1614641779971,215
1614641779983,1614641785150,32
1614641785160,1614641793506,81
1614641793517,1614641796896,22
1614641796907,1614641807487,96
1614641807499,1614641834265,154
1614641834277,1614641836776,15
1614641836787,1614641839212,20
1614641839222,1614641858223,89
1614641858234,1614641862922,42
1614641862933,1614641875424,124
1614641875436,1614641878939,35
1614641878949,1614641894289,94
1614641894301,1614641896719,22
1614641896730,1614641914345,132
1614641914356,1614641921113,62
1614641921123,1614641932361,54
1614641932373,1614641941550,86
1614641941561,1614641971467,112
1614641971478,1614641981000,96
1614641981011,1614641986750,39
1614641986761,1614641992065,62
1614641992076,1614642000649,80
1614642000660,1614642033754,191
1614642033767,1614642050015,141
1614642050027,1614642057134,71
1614642057145,1614642061595,42
1614642061606,1614642067301,57
1614642067312,1614642073398,28
1614642073409,1614642096398,106
1614642096409,1614642099629,28
1614642099639,1614642103375,40
1614642103387,1614642118998,145
1614642119009,1614642122676,30
1614642122685,1614642137836,140
1614642137847,1614642150841,122
1614642150852,1614642153213,20
1614642153223,1614642158865,31
1614642158896,1614642163984,48
1614642163994,1614642181161,115
1614642181171,1614642183677,17
1614642183687,1614642186854,27
1614642186865,1614642206332,184
1614642206344,1614642208491,17
1614642208501,1614642212720,33
1614642212732,1614642215389,22
1614642215399,1614642217955,27
1614642217965,1614642221931,31
1614642221942,1614642226764,41
1614642226775,1614642238552,110
1614642238564,1614642254021,136
1614642254033,1614642264483,113
1614642264494,1614642267340,19
1614642267351,1614642302125,237
1614642302137,1614642307313,54
1614642307322,1614642309680,21
1614642309689,1614642316508,65
1614642316519,1614642320494,33
1614642320505,1614642352020,33
1614642352031,1614642356526,50
1614642356537,1614642374962,174
1614642374973,1614642377194,17
1614642377204,1614642380638,29
1614642380648,1614642389869,91
1614642389881,1614642393328,19
1614642393338,1614642396285,30
1614642396295,1614642399990,37
1614642400000,1614642412418,90
1614642412428,1614642417307,37
1614642417318,1614642422072,18
1614642422083,1614642436595,29
1614642436607,1614642451800,115
1614642451811,1614642455260,38
1614642455270,1614642459025,26
1614642459036,1614642461693,16
1614642461703,1614642474588,125
1614642474599,1614642480042,45
1614642480052,1614642540992,142
1614642541004,1614642565747,245
1614642565758,1614642569843,35
1614642569853,1614642577856,60
1614642577868,1614642583456,52
1614642583467,1614642586781,38
1614642586792,1614642596269,74
1614642596280,1614642602517,49
1614642602530,1614642604645,13
1614642604655,1614642610148,34
1614642610253,1614642615909,39
1614642615921,1614642639565,62
1614642639577,1614642669403,244
1614642669415,1614642706598,101
1614642706612,1614642720071,35
1614642720083,1614642731114,36
1614642731124,1614642734286,27
1614642734297,1614642748417,131
1614642748429,1614642753724,45
1614642753735,1614642761973,67
1614642761984,1614642790257,135
1614642790268,1614642795195,52
1614642795207,1614642809354,65
1614642809365,1614642817994,74
1614642818006,1614642823398,56
1614642823409,1614642826399,33
1614642826410,1614642910066,67
1614642910078,1614642914099,21
1614642914109,1614642917626,19
1614642917637,1614642938699,98
1614642938711,1614642956752,85
1614642956763,1614642971618,130
1614642971629,1614642974921,21
1614642974931,1614642988187,108
1614642988198,1614642992879,39
1614642992890,1614642997170,45
1614642997181,1614643001811,39
1614643001821,1614643003976,12
1614643003988,1614643008565,40
1614643008750,1614643027035,145
1614643027044,1614643042064,144
1614643042076,1614643046617,38
1614643046628,1614643049704,38
1614643049715,1614643063835,129
1614643063847,1614643067143,19
1614643067153,1614643069599,25
1614643069609,1614643078379,102
1614643078390,1614643098694,156
1614643098706,1614643118246,209
1614643118258,1614643125968,66
1614643125979,1614643133019,51
1614643133029,1614643147882,178
1614643147893,1614643150753,25
1614643150763,1614643155545,40
1614643155556,1614643169111,119
1614643169122,1614643180510,70
1614643180521,1614643195377,133
1614643195389,1614643204325,80
1614643204337,1614643206670,22
1614643206680,1614643214517,64
1614643214529,1614643220184,40
1614643220195,1614643227224,73
1614643227235,1614643312539,46
1614643312551,1614643316130,37
1614643316140,1614643318763,22
1614643318775,1614643321567,16
1614643321577,1614643326628,39
1614643326638,1614643350345,212
1614643350356,1614643354050,21
1614643354060,1614643361481,56
1614643361492,1614643364224,18
1614643364235,1614643388246,224
1614643388258,1614643392079,43
1614643392089,1614643397237,40
1614643397248,1614643423171,221
1614643423182,1614643427684,38
1614643427696,1614643429628,12
1614643429639,1614643436463,55
1614643436475,1614643451605,111
