3,10 2,4 8,6 10,9 1,6 6,5 7,1 5,8 9,11 11,4 4,4 
7,2 11,8 8,7 9,6 3,5 1,1 2,9 6,3 5,9 4,9 10,6 
10,8 1,7 8,2 2,11 4,11 9,2 5,3 7,2 3,5 11,5 6,7 
11,6 2,5 7,9 5,1 6,4 10,11 1,5 4,9 9,7 3,8 8,9 
10,9 7,11 9,10 5,5 1,3 3,7 6,7 2,10 8,6 4,6 11,8 
6,3 2,10 11,1 1,8 3,8 7,10 9,6 10,1 5,2 4,1 8,3 
1,4 3,3 7,11 10,7 6,2 9,9 5,8 11,11 8,1 4,11 2,2 
1,1 8,1 11,8 2,10 7,9 9,3 6,11 3,6 4,4 5,2 10,11 
3,11 7,6 2,4 6,3 1,7 11,4 5,2 9,7 8,8 10,3 4,5 
9,7 2,9 1,3 8,4 3,1 6,8 10,10 11,5 7,3 4,10 5,1 
8,5 4,2 11,5 2,2 5,10 3,6 1,4 7,4 6,10 10,7 9,10 
