5,10 2,1 11,8 3,2 10,2 8,2 7,8 4,2 9,5 6,8 1,3 
8,8 4,4 7,5 3,3 10,8 11,9 2,4 6,3 9,11 1,9 5,1 
4,1 9,10 11,1 6,7 3,4 5,4 2,1 10,8 1,8 8,11 7,4 
11,7 5,9 2,3 9,1 3,1 8,5 4,7 6,1 7,6 10,1 1,9 
7,11 4,3 9,4 3,5 2,6 6,10 10,6 1,4 11,9 8,5 5,6 
2,4 1,5 6,11 11,8 8,5 9,8 4,3 3,10 5,7 10,4 7,10 
4,5 8,11 10,6 2,4 11,3 5,11 1,5 6,5 3,4 7,10 9,2 
6,6 7,7 10,2 3,6 4,11 2,3 9,2 11,7 5,10 8,7 1,11 
3,2 1,2 7,10 8,11 5,9 11,7 9,9 2,6 4,1 10,3 6,5 
2,9 11,6 4,7 5,9 10,10 1,1 6,10 9,11 7,2 8,2 3,8 
8,3 1,8 9,9 3,10 7,7 6,6 11,11 2,9 4,3 10,6 5,7 
