12,16 4,16 16,11 8,11 2,3 13,8 14,11 7,11 15,10 10,15 6,10 5,2 3,15 17,13 9,3 1,13 11,4 
13,11 16,7 14,3 10,13 3,8 7,2 1,16 15,3 6,3 11,17 4,17 17,11 12,11 8,16 5,14 9,7 2,6 
7,17 8,17 1,10 14,2 16,4 9,14 2,15 10,10 12,5 5,13 15,13 11,16 17,8 3,7 6,9 13,16 4,8 
5,9 15,8 16,2 10,6 8,2 13,13 6,13 9,17 3,1 7,3 12,11 17,12 11,1 14,11 1,16 4,4 2,16 
4,1 11,12 16,15 9,8 6,10 14,15 2,8 15,9 5,2 3,6 12,9 10,17 13,3 1,8 8,12 17,17 7,17 
1,12 10,15 17,13 7,16 16,7 14,16 3,7 13,12 6,7 11,12 8,14 12,15 2,6 9,1 4,6 15,12 5,7 
14,5 17,4 15,14 16,5 2,16 13,11 12,14 6,5 3,11 10,2 8,1 1,14 4,16 7,3 9,7 5,9 11,9 
5,13 15,5 12,5 8,7 11,13 10,7 3,1 2,15 7,8 16,10 6,5 9,13 17,2 1,10 4,11 14,3 13,12 
16,15 9,6 13,4 12,17 11,6 15,5 8,3 3,14 10,6 7,1 2,8 1,8 4,5 17,17 6,15 5,1 14,2 
5,4 6,3 13,7 17,3 8,17 14,10 15,17 12,13 10,13 1,4 2,3 9,10 7,12 11,9 4,4 16,6 3,11 
3,3 1,9 7,1 16,10 10,9 15,12 12,12 2,1 17,17 4,7 11,2 6,9 9,9 13,4 14,5 5,15 8,13 
12,8 10,1 4,17 7,4 17,14 6,17 16,4 3,2 11,4 13,14 1,12 9,3 15,14 8,6 2,10 14,5 5,3 
3,2 16,13 14,6 4,15 15,5 7,4 9,5 13,6 17,16 12,16 10,15 11,1 8,17 6,12 2,1 1,14 5,1 
4,6 17,2 16,12 15,9 11,11 10,1 12,6 2,7 9,9 1,11 5,16 6,7 7,13 13,5 3,8 14,2 8,14 
1,7 8,14 15,16 5,14 6,1 11,6 4,9 13,4 9,15 3,9 14,7 16,4 12,7 7,15 17,2 10,11 2,5 
2,14 16,11 4,8 15,12 14,15 13,9 9,10 1,8 3,12 11,8 5,4 6,5 17,4 12,14 8,17 10,8 7,10 
14,10 5,10 9,9 6,1 10,12 1,3 17,2 12,16 3,14 4,5 13,6 11,6 16,10 2,2 7,13 8,10 15,15 
