16,1 5,14 11,6 4,6 3,1 12,9 17,3 9,1 6,15 14,17 13,4 10,14 8,5 1,1 7,12 2,17 15,13 
8,5 15,7 14,8 3,11 4,2 7,11 1,2 6,2 17,8 9,14 16,8 13,5 11,12 5,7 12,6 10,8 2,7 
11,13 4,12 17,13 2,14 6,10 7,16 1,8 8,14 5,14 12,2 15,15 3,6 13,6 16,8 14,14 10,1 9,4 
9,10 12,6 7,5 16,16 1,8 13,1 4,17 10,4 8,11 5,16 2,13 15,4 6,14 11,11 3,17 14,12 17,15 
10,15 17,11 8,11 9,15 6,6 12,5 14,7 1,11 5,1 7,15 15,2 16,12 11,7 2,5 13,9 3,6 4,1 
7,16 2,13 3,3 15,2 9,7 10,6 1,11 6,7 4,3 14,10 5,6 17,8 8,2 16,14 13,8 12,3 11,9 
17,11 3,17 14,10 15,17 4,3 12,7 16,4 13,15 6,16 5,13 1,3 7,11 2,11 9,9 11,1 8,13 10,11 
13,8 10,15 2,4 5,8 9,13 16,12 11,5 8,6 14,6 1,7 15,7 6,17 7,3 17,16 12,10 4,9 3,3 
14,6 12,10 17,1 11,1 10,5 7,17 5,15 8,17 15,13 4,8 6,10 13,10 3,9 2,6 9,2 16,7 1,10 
17,9 1,3 11,17 5,7 2,14 6,13 8,16 15,5 13,4 3,1 7,5 14,9 4,4 9,13 16,13 10,16 12,6 
15,3 3,8 1,2 12,9 11,11 8,10 16,10 2,3 10,5 9,9 14,16 6,1 7,17 17,3 13,5 5,11 4,8 
9,17 7,9 5,9 15,13 17,4 3,2 13,1 16,16 4,17 8,5 11,1 6,7 2,10 14,4 1,7 10,4 12,16 
7,2 15,2 17,12 6,4 11,16 12,4 9,12 2,9 16,12 1,4 14,14 10,3 8,16 13,12 4,11 5,10 3,12 
4,12 16,1 10,14 9,12 3,17 14,15 15,6 13,8 2,2 5,3 12,11 6,15 7,15 11,2 17,3 1,5 8,2 
13,7 16,4 9,15 1,3 17,15 15,8 11,13 3,13 6,9 10,6 2,9 7,2 12,8 8,17 14,16 4,15 5,14 
17,4 12,5 11,7 14,10 9,12 6,3 1,9 13,10 4,7 15,11 7,17 8,16 5,1 3,15 16,4 2,2 10,5 
1,14 7,16 12,16 8,5 13,9 16,14 3,14 6,12 11,10 4,12 5,12 10,13 14,13 17,10 9,15 15,14 2,17 
