19,12 7,9 9,12 18,7 3,1 10,2 16,17 1,19 2,3 6,11 4,14 8,8 5,8 11,7 12,20 17,20 14,3 20,8 13,12 15,19 
17,6 10,20 16,18 18,5 4,2 7,15 9,16 8,11 15,8 6,6 13,8 2,18 12,14 20,2 14,15 11,11 1,20 3,1 5,8 19,15 
17,1 7,1 8,11 14,19 3,4 5,8 2,18 4,15 15,6 13,8 16,16 11,9 12,10 6,9 18,6 20,15 10,8 19,14 1,10 9,1 
19,19 8,3 4,8 12,15 5,14 14,17 11,13 16,12 3,13 15,16 10,18 2,7 13,7 9,11 6,3 1,10 18,1 20,7 7,16 17,13 
2,7 6,7 8,14 1,14 19,7 10,19 5,3 12,1 11,7 17,9 18,1 15,6 4,16 14,4 3,14 13,2 20,14 7,18 16,3 9,20 
13,14 15,15 9,17 2,6 8,18 16,11 17,1 6,9 5,10 4,15 18,3 12,20 7,2 3,3 14,10 11,3 19,19 20,13 1,13 10,3 
14,17 9,12 16,10 19,4 4,15 15,12 13,19 12,3 8,20 18,10 1,10 2,1 5,12 6,14 3,4 20,8 11,13 10,16 17,6 7,11 
5,20 4,16 20,7 12,3 8,19 16,6 1,7 13,14 17,14 15,12 19,6 6,16 11,11 7,6 9,17 3,1 14,17 2,12 18,4 10,12 
3,10 11,14 18,1 5,12 2,3 17,18 13,10 9,20 16,17 12,7 1,20 4,2 8,6 6,19 19,8 20,5 10,7 15,11 7,5 14,2 
20,13 7,5 17,16 9,11 5,9 11,10 2,4 18,8 14,18 10,19 3,4 19,15 8,5 4,12 6,12 1,6 12,15 13,6 15,20 16,6 
7,8 12,4 5,6 16,1 3,10 13,20 18,9 15,17 6,16 19,3 4,5 10,4 14,19 11,17 8,18 2,14 17,11 20,9 9,18 1,7 
20,5 7,13 13,13 5,17 16,12 18,13 9,11 14,13 6,19 17,4 11,9 1,13 19,1 15,20 8,7 3,13 10,10 12,4 4,15 2,17 
2,2 6,17 3,5 16,20 18,17 10,7 13,20 9,10 20,12 1,20 4,2 5,17 7,9 15,18 17,1 8,12 11,5 12,5 14,9 19,14 
12,4 17,2 16,4 6,18 2,8 10,1 7,8 18,4 19,4 3,14 4,11 5,3 8,17 14,1 15,16 1,18 9,18 13,19 11,14 20,16 
12,15 16,18 2,3 18,16 7,13 8,14 6,15 15,16 17,11 5,2 3,12 10,11 13,18 14,8 9,2 20,19 4,12 19,17 11,17 1,9 
20,9 15,8 5,20 16,10 14,16 13,16 18,6 8,18 1,9 17,18 4,17 12,14 2,13 11,16 9,13 19,16 6,6 3,2 7,19 10,18 
17,3 19,19 3,2 5,2 6,20 4,5 12,2 15,7 18,2 7,1 14,15 8,5 13,3 16,13 20,5 2,7 11,2 9,10 1,2 10,5 
9,11 6,10 7,19 8,8 1,6 3,4 2,14 19,6 14,1 15,13 12,13 18,19 5,20 17,15 16,9 4,17 20,9 13,15 11,7 10,8 
19,18 4,11 12,9 3,13 6,11 14,9 20,12 18,2 13,5 1,17 16,19 8,10 9,15 5,10 7,19 2,4 15,16 10,3 11,1 17,10 
18,16 1,6 5,15 12,9 19,5 2,3 20,5 4,5 17,15 8,5 3,7 7,12 13,4 15,5 6,11 16,9 11,4 10,20 14,11 9,4 
