17,18 14,8 18,3 10,18 6,13 5,9 16,1 3,18 12,10 11,13 4,14 15,14 9,14 19,11 1,13 8,9 13,11 2,9 7,15 
2,16 11,13 6,2 17,10 4,18 16,6 13,15 5,7 1,11 12,2 3,18 10,2 14,8 19,12 15,19 8,12 9,2 7,8 18,12 
15,14 17,4 12,18 1,17 8,1 10,14 6,2 13,13 19,15 2,4 7,11 16,3 18,11 11,10 4,11 3,5 14,18 5,10 9,13 
16,19 4,6 14,6 15,4 19,3 8,18 7,9 17,8 18,4 9,19 1,19 11,5 5,4 6,19 10,1 13,17 2,12 12,11 3,18 
12,15 5,11 8,15 1,16 15,4 18,3 13,8 9,16 10,13 7,14 17,8 16,12 14,9 11,17 4,3 2,19 3,10 19,14 6,1 
13,17 3,16 10,1 19,7 7,7 2,2 5,6 4,6 15,9 14,11 8,10 9,10 6,12 18,14 16,10 1,15 17,6 11,17 12,8 
19,2 6,10 12,4 7,6 13,12 17,19 1,12 14,12 8,1 15,10 11,12 9,17 16,19 4,16 10,6 5,14 18,17 3,2 2,6 
11,9 8,17 2,8 4,13 10,16 14,1 1,14 16,19 5,17 13,3 9,3 6,8 19,1 18,8 17,16 12,2 3,1 7,5 15,5 
19,3 1,9 9,14 6,2 12,11 18,13 11,11 4,2 15,19 17,12 13,7 14,13 3,16 10,5 16,2 7,6 2,3 8,15 5,16 
6,13 3,1 15,16 13,1 14,14 7,5 10,18 11,3 1,14 19,17 2,15 18,1 12,17 4,15 9,18 17,16 5,7 8,4 16,10 
10,10 7,2 15,17 6,11 9,9 4,12 14,3 3,5 19,12 13,15 5,13 17,7 16,7 1,9 2,15 18,10 12,8 8,19 11,4 
2,8 12,12 1,11 17,15 7,10 10,10 18,5 4,4 19,7 14,8 11,16 3,19 13,10 9,18 6,17 5,7 8,16 16,18 15,17 
11,4 1,5 16,9 9,3 13,5 12,11 5,17 17,9 7,6 19,16 10,2 18,11 8,6 2,1 3,5 15,1 14,19 6,13 4,11 
1,7 19,19 4,5 6,19 14,2 11,16 12,19 15,17 13,16 16,5 9,4 2,15 7,15 3,4 5,12 18,4 8,14 17,16 10,3 
15,1 4,7 9,19 14,14 18,15 13,15 8,10 11,1 17,3 3,18 12,6 5,16 7,18 1,7 19,7 6,13 10,5 16,6 2,7 
4,6 6,3 7,7 10,8 16,17 13,7 14,4 1,14 2,5 18,6 9,5 3,9 17,2 5,6 19,9 11,11 15,13 12,7 8,14 
13,11 3,18 6,10 11,9 9,6 18,8 12,7 1,15 4,8 15,9 16,17 7,6 5,3 17,13 2,8 14,18 19,4 10,3 8,2 
17,12 2,14 19,12 13,12 16,8 14,4 1,13 7,10 15,18 4,7 12,9 5,18 10,13 6,3 8,14 9,3 11,15 18,1 3,19 
6,5 4,15 19,13 10,5 16,19 17,17 18,16 5,11 12,2 2,1 9,1 15,4 14,5 1,2 13,4 3,8 11,9 7,12 8,9 
