11
274047.0  
271067.0  
275843.0  
272846.0  
274615.0  
274633.0  
268926.0  
272282.0  
270926.0  
274209.0  
270573.0  
272445.0  
271323.0  
271997.0  
271006.0  
273271.0  
274668.0  
271531.0  
273273.0  
272830.0  
272973.0  
274624.0  
274251.0  
272464.0  
272347.0  
273010.0  
274621.0  
272765.0  
272362.0  
270254.0  
271181.0  
275094.0  
271621.0  
273718.0  
272061.0  
270114.0  
271816.0  
272618.0  
273413.0  
274495.0  
271117.0  
273389.0  
272259.0  
274970.0  
272491.0  
269451.0  
273131.0  
276191.0  
271557.0  
271144.0  
271733.0  
272976.0  
274173.0  
275304.0  
271819.0  
272428.0  
273031.0  
274278.0  
273073.0  
271394.0  
273713.0  
273076.0  
271891.0  
275319.0  
269208.0  
272559.0  
272158.0  
273785.0  
273379.0  
271099.0  
271852.0  
269928.0  
273193.0  
275088.0  
273498.0  
273420.0  
272570.0  
272048.0  
274421.0  
271283.0  
273185.0  
270248.0  
270228.0  
277860.0  
272546.0  
273585.0  
272578.0  
271988.0  
273072.0  
273343.0  
272392.0  
273275.0  
275643.0  
272692.0  
272455.0  
273129.0  
271545.0  
270611.0  
271813.0  
271962.0  
275355.0  
273113.0  
271706.0  
272623.0  
274191.0  
272857.0  
274064.0  
270710.0  
270549.0  
272840.0  
271350.0  
273669.0  
272093.0  
272763.0  
271528.0  
272595.0  
271482.0  
273350.0  
272814.0  
273765.0  
274593.0  
